29.18,50.37,6.7304,143.9141,72.0809,8.49,45.2985,184.9049,29.7938,184.9049,150.7546,887.6685,166,131,48,118.819,25.6415,25.6415,119.9417,657.4848,169,183,151.6933,657.4848,131,97.2607,6.9693,22.8899,104,556.2707,192,207
32.444,49.118,9.0396,157.3623,153.3313,12.3827,81.715,207.2987,35.2208,207.2987,158.1568,1240.5055,176,146,41,129.0678,24.2834,24.2834,133.5869,589.6838,180,199,155.108,589.6838,146,96.8326,8.8496,22.8597,116,475.5801,164,211
23.87,53.61,7.7296,155.8878,62.0892,7.8797,59.7467,200.606,28.5421,200.4125,151.1159,814.6526,170,136,62,129.8974,24.7755,24.5871,116.6854,604.5231,172,169,153.0397,613.8263,136,108.596,6.7973,25.9312,112,700.6285,197,211
33.67,49.41,9.815,171.2907,105.126,10.2531,96.334,233.6165,27.7135,233.6165,162.9742,768.0403,179,160,48,138.2124,17.6131,17.6131,142.4371,310.2199,183,199,161.0,310.2199,160,102.1381,7.9886,20.863,135,473.6044,192,212
23.609,54.18,6.0167,141.9493,43.6524,6.607,36.2006,172.2095,23.5304,172.2095,145.6284,553.6812,162,108,56,121.4763,25.4491,25.4491,100.1216,647.6591,165,160,145.625,647.6591,108,103.8277,7.5608,18.4624,85,449.7764,179,200
35.11,45.35,8.3839,138.3048,89.9821,9.4859,70.2902,181.7453,35.4448,181.5535,149.9008,1256.3307,171,115,39,111.1716,26.2377,26.0096,122.0617,676.501,172,197,154.185,688.4182,110,93.5871,10.4674,23.0929,93,499.1287,161,176
43.362,39.218,4.8304,114.2017,54.8647,7.4071,23.3324,132.2269,21.2437,131.4622,127.3304,451.2964,159,82,66,96.521,22.7828,21.764,71.2857,473.6713,142,149,144.1933,519.0552,72,107.5966,129.8718,14.8042,65,406.2495,141,134
32.22,47.11,7.5253,138.2411,91.8463,9.5836,56.6294,179.597,32.6664,179.6161,148.7851,1067.094,169,115,49,112.0567,24.8187,24.8533,118.4328,617.6853,174,177,153.0209,615.9683,115,95.191,12.546,21.4411,97,542.8896,159,202
50.94,36.76,9.1557,150.7281,124.2724,11.1478,83.8271,204.3844,33.3988,204.4175,153.8151,1115.4808,181,134,45,118.9805,25.9892,26.0121,130.2384,676.6309,178,193,159.4331,675.4377,134,98.7202,19.1,22.8505,107,498.5834,165,209
22.41,57.49,6.2186,147.4947,64.484,8.0302,38.6716,186.1201,27.4509,186.1201,150.7774,753.5531,165,132,63,124.0035,26.179,26.179,116.6996,685.3426,170,165,149.5972,685.3426,132,100.53,7.9004,23.1514,104,633.1133,188,207
34.11,50.5,9.9721,169.5912,121.0819,11.0037,99.4423,231.081,30.2649,231.0378,162.0475,915.9636,178,159,46,136.5605,19.5905,19.5568,140.8207,382.4676,184,201,160.8942,383.786,159,102.1501,8.0963,21.9262,130,464.3846,196,210
42.828,38.5,7.5111,146.9799,128.7872,11.3484,56.4168,189.3965,27.36,189.3851,142.4286,748.5682,174,130,60,119.7672,25.5613,25.5431,104.4397,652.4517,167,169,154.9081,653.3807,130,114.9483,86.4669,19.4628,116,442.5693,175,208
33.97,51.66,9.9517,169.9609,123.4436,11.1105,99.0368,231.4211,30.3882,231.3728,162.086,923.4401,178,160,44,137.0511,19.6393,19.5954,140.6464,383.9789,185,203,160.7965,385.7036,160,102.4374,7.7062,22.0701,132,458.3836,193,212
24.07,52.95,7.6273,146.202,65.4653,8.0911,58.1762,189.4771,30.574,189.2964,149.4804,934.7695,169,129,57,119.8627,24.0217,23.8517,117.6699,568.9032,170,173,153.4085,577.0422,129,101.9477,11.101,25.8972,103,662.0598,205,210
20.06,59.23,6.6523,142.3665,64.9339,8.0582,44.2527,181.9359,30.2626,181.9359,149.153,915.8278,164,113,45,117.6904,26.0455,26.0455,116.2883,678.3661,167,186,151.1886,678.3661,113,98.5979,8.509,24.0638,98,626.8116,178,208
58.926,33.245,4.3882,104.552,47.1027,6.8631,19.2566,124.3167,15.4417,123.3258,126.2607,238.4464,162,86,68,86.3529,19.4423,18.48,79.552,341.5105,140,133,145.7285,378.0025,81,99.9548,145.3014,14.3747,75,309.0609,158,165
48.847,37.438,9.528,148.3616,148.7894,12.1979,90.7833,196.9414,40.2186,196.9414,156.684,1617.5322,178,136,25,119.6482,28.8069,28.8069,135.7003,829.8403,181,219,155.5863,829.8403,136,91.114,8.7296,29.6125,98,740.6643,160,203
22.106,58.631,7.8936,144.5148,69.8687,8.3587,62.3093,181.3541,30.55,181.3541,148.5869,933.3051,173,119,38,121.059,23.7971,23.7971,111.2426,566.3007,173,194,149.3607,566.3007,119,101.4951,7.206,22.4127,92,539.3802,161,183
39.127,38.725,4.208,116.9776,40.5976,6.3716,17.7071,134.3955,18.0861,134.1119,128.803,327.107,154,77,71,99.7015,23.1154,22.5017,67.8134,506.3286,139,128,143.4254,534.3234,69,108.0373,139.7578,16.0184,60,373.9556,155,145
21.12,58.52,6.5458,139.2166,53.912,7.3425,42.8473,179.8217,30.4673,179.8217,149.5828,928.2565,166,117,40,113.7389,21.9533,21.9533,120.3885,481.9492,163,189,152.1688,481.9492,117,94.965,7.5801,24.3257,100,536.4285,180,193
29.03,52.01,11.0837,160.905,172.8153,13.1459,122.8494,222.6249,35.1544,222.6249,162.3862,1235.8331,181,125,16,126.454,29.4119,29.4119,145.7957,865.0576,186,234,162.1385,865.0576,125,93.0263,8.1117,23.2765,98,600.6639,163,211
29.23,49.95,8.1302,128.306,72.2282,8.4987,66.1004,170.6341,33.3434,170.6341,146.9375,1111.7825,173,118,47,100.5277,20.1484,20.1484,120.0931,405.957,168,183,155.1131,405.957,118,89.3326,19.5131,19.5677,92,295.9964,171,184
26.87,51.74,7.4774,140.819,56.3834,7.5089,55.9116,182.3344,29.0071,182.1492,148.7771,841.4122,172,128,47,115.0414,25.7628,25.5936,117.3503,655.0314,166,176,152.6974,663.7205,124,97.9522,5.9228,23.185,101,581.9185,191,200
53.883,35.357,8.5446,143.6483,142.3391,11.9306,73.0101,187.1076,36.5733,187.1076,149.0058,1337.6057,174,132,50,116.4622,26.0423,26.0423,116.8721,678.2006,174,180,154.1831,678.2006,132,100.1424,38.2865,21.8816,102,455.2252,150,212
28.42,50.16,8.4153,147.2264,79.9271,8.9402,70.817,191.6006,33.0137,191.5845,150.0632,1089.9053,173,145,54,120.0316,20.7757,20.8034,118.5144,432.78,171,177,154.1581,431.6298,145,101.8707,6.7493,24.3625,114,515.743,192,200
24.265,55.07,8.7865,155.9839,63.0299,7.9391,77.2034,191.9936,30.0824,191.9936,147.9068,904.9479,179,128,65,133.4373,22.382,22.382,102.7846,500.9517,172,177,148.2251,500.9517,128,113.8553,7.6045,23.6421,112,575.9373,184,212
29.82,51.5,11.4217,158.359,179.1934,13.3863,130.4548,219.7072,36.617,219.7072,162.2109,1340.8019,182,122,16,123.7354,32.6705,32.6705,146.4545,1067.3615,186,233,162.269,1067.3615,122,91.0065,10.3862,24.0627,99,668.9712,166,209
25.158,52.893,5.9515,144.9483,52.0633,7.2155,35.4205,177.8069,24.692,177.8069,147.4138,609.6967,161,109,45,123.6586,25.5774,25.5774,105.1655,654.2042,167,158,146.7241,654.2042,109,103.8069,10.4091,19.8233,76,458.1419,172,186
20.66,58.54,6.6662,148.2909,59.5905,7.7195,44.4384,187.2218,28.9792,187.2218,150.0764,839.7967,168,133,53,124.4218,24.0652,24.0652,114.8109,579.1325,164,176,150.0727,579.1325,133,102.6327,7.5531,23.9275,106,588.5852,179,202
20.61,58.47,6.1734,143.4985,52.6952,7.2591,38.1108,182.8338,27.2969,182.8338,150.3353,745.1205,163,127,55,119.2711,23.53,23.53,118.5977,553.6605,165,169,150.5714,553.6605,127,97.6939,7.3226,23.1619,106,572.9323,190,202
38.219,39.154,3.9304,115.9913,43.8361,6.6209,15.4477,133.0087,18.0764,132.5913,128.4486,326.7577,154,73,64,98.9304,23.1678,22.3375,67.087,498.9652,139,138,143.1478,536.7464,69,107.5043,140.5596,15.8418,59,398.0473,155,153
47.184,38.21,9.9064,146.9641,136.2096,11.6709,98.1371,195.3693,39.3868,195.3693,156.9216,1551.3196,177,133,28,118.1895,28.3613,28.3613,136.9379,804.3636,183,211,155.5425,804.3636,133,89.4216,7.8105,28.6619,93,743.1406,155,202
22.3,53.88,8.3303,147.1122,81.5616,9.0311,69.3939,190.1254,33.2551,190.1026,150.5177,1105.9037,170,126,34,120.7685,24.3869,24.4227,119.1511,596.4697,172,207,153.1061,594.7202,126,100.8907,7.5,26.431,104,734.8788,189,195
29.68,51.41,11.1478,159.9083,169.3874,13.0149,124.2741,221.7248,35.1386,221.7248,162.2606,1234.7241,184,126,16,125.3009,31.3508,31.3508,146.1074,982.8719,185,233,162.3277,982.8719,126,92.3546,8.7449,23.476,98,626.1316,162,209
27.401,50.083,6.889,145.3231,65.6028,8.0996,47.4586,179.3015,27.5692,179.3015,146.5323,760.0596,165,122,60,123.2708,25.4574,25.4574,103.1969,648.0813,170,179,147.7785,648.0813,122,105.7292,8.9938,19.5478,92,486.7697,171,196
68.737,30.059,7.7281,143.282,114.0836,10.681,59.7237,185.8571,32.461,185.8571,148.9434,1053.7184,173,137,58,116.6466,22.3772,22.3772,116.7556,500.7389,172,178,153.5,500.7389,137,99.7594,27.7038,19.5328,115,354.0707,150,200
23.159,56.132,7.7025,135.7546,51.8558,7.2011,59.3286,165.652,30.6227,165.652,139.513,937.7488,174,122,59,113.8425,20.4395,20.4395,88.1429,417.7729,162,168,147.967,417.7729,122,108.8388,52.1085,22.0858,101,468.6747,197,200
30.1,48.54,8.3677,146.7895,89.2072,9.445,70.018,191.7331,33.6626,191.5848,151.4311,1133.1682,169,129,41,119.6217,23.5076,23.3816,122.129,546.6997,173,197,154.1701,552.6053,129,99.1026,8.4704,24.2129,106,561.7896,159,187
20.336,57.515,6.3574,141.6779,53.0467,7.2833,40.4164,175.1007,25.8849,175.1007,147.7987,670.0282,163,109,43,120.0369,26.0823,26.0823,108.4832,680.2851,166,169,147.1913,680.2851,109,99.9698,9.0236,20.2377,71,467.9146,171,187
25.089,54.201,8.5731,151.103,58.5424,7.6513,73.4983,187.2757,28.9706,187.2757,147.4983,839.2932,177,141,61,128.1296,22.3982,22.3982,104.4983,501.6815,170,180,148.7841,501.6815,141,109.8073,7.1196,22.6619,111,557.0496,187,210
29.331,49.665,5.2732,124.4066,54.1722,7.3602,27.8068,147.2308,22.972,147.1483,131.2012,527.7135,162,109,52,104.6703,21.8259,21.677,76.2473,469.8917,149,158,146.2363,476.3681,98,111.456,120.5337,16.0009,75,332.4628,149,143
30.94,49.48,11.0616,161.668,180.1478,13.4219,122.3594,223.2815,35.4106,223.2815,162.5863,1253.9108,182,126,20,127.4319,30.5644,30.5644,145.665,934.184,188,227,161.9112,934.184,126,93.3401,10.0173,23.33,101,622.6409,161,209
32.284,47.369,8.5264,161.0559,152.088,12.3324,72.6993,212.5571,33.4318,212.5571,159.7137,1117.6863,176,148,33,132.6018,24.7053,24.7053,135.8345,610.3495,183,213,155.3736,610.3495,148,97.5839,8.5459,22.5976,122,447.761,171,208
31.91,51.6,10.8356,161.6698,150.1554,12.2538,117.41,223.849,32.6568,223.7898,161.9822,1066.4697,180,134,32,126.9762,26.4899,26.4499,144.9453,699.5972,186,210,162.4447,701.7144,134,94.5993,7.5065,21.8319,105,530.2683,192,211
28.25,50.96,6.6906,129.7169,67.3484,8.2066,44.7638,164.5993,30.4201,164.5993,146.2206,925.3831,163,116,43,106.3787,24.8672,24.8672,112.0809,618.3801,164,183,149.625,618.3801,116,91.3382,14.2985,19.1627,92,411.5514,159,177
37.37,48.25,9.9352,169.3944,111.4637,10.5576,98.7082,230.9528,29.2069,230.9185,161.7983,853.0417,179,157,45,136.2843,19.2478,19.2297,140.6341,369.7829,184,201,161.0043,370.4797,157,102.4431,7.6294,21.6313,135,483.8177,189,210
23.228,56.379,7.5185,137.8649,75.1232,8.6674,56.5272,174.4116,31.4904,174.4116,149.463,991.6446,172,118,25,114.4405,26.477,26.477,117.1222,701.0334,177,210,149.3633,701.0334,118,93.5466,8.7166,22.7082,82,559.14,159,188
46.009,39.422,7.9226,142.1412,92.3027,9.6074,62.7681,183.687,32.4597,183.687,150.2672,1053.6315,169,132,55,116.1565,22.3657,22.3657,119.4885,500.2226,172,182,152.5305,500.2226,132,96.2252,9.1462,19.8017,104,375.7885,147,201
23.647,55.263,7.9814,154.4505,58.4864,7.6476,63.7023,189.901,28.0231,189.901,147.9079,785.2923,174,138,58,132.1843,21.9436,21.9436,103.4573,481.5231,169,174,147.843,481.5231,138,112.273,7.5666,22.4299,117,516.7854,192,211
33.9,49.14,10.0721,169.4243,114.078,10.6807,101.4468,230.8731,29.5621,230.8271,161.9774,873.9168,179,156,45,136.4086,19.6838,19.6442,140.7516,385.8953,183,199,160.8634,387.4534,156,102.1634,7.7091,21.3737,135,475.5599,192,212
69.553,29.78,7.9972,143.2974,113.6402,10.6602,63.9554,185.8699,32.2741,185.8699,148.5874,1041.6204,172,139,56,116.5465,22.908,22.908,115.9851,524.775,173,181,153.6097,524.775,139,100.2714,26.5741,19.6345,113,385.9207,153,204
21.46,57.83,6.2444,147.3169,60.1427,7.7552,38.9925,185.7037,28.0173,185.7037,149.6296,784.9695,169,130,55,123.749,25.8644,25.8644,113.8807,668.9661,164,174,149.7531,668.9661,130,102.4609,7.358,24.1443,107,634.8053,189,205
78.64,26.874,7.4257,142.1451,103.2853,10.1629,55.1408,182.0902,30.2031,182.0902,144.432,912.2302,172,131,62,116.2118,24.1868,24.1868,105.7726,584.9999,171,173,153.0196,584.9999,131,106.8902,62.7045,20.1824,105,435.2806,164,211
27.93,50.84,8.3615,144.3885,68.0474,8.2491,69.9151,186.2387,32.4586,186.2259,148.3172,1053.5585,168,138,64,118.1269,20.8907,20.921,114.3172,437.6862,166,171,153.0574,436.4218,138,102.1057,11.8343,23.7117,107,470.8665,192,197
46.474,37.513,8.5433,149.9805,125.9272,11.2217,72.9879,194.9246,33.8572,194.9246,149.2175,1146.3073,176,125,37,122.5084,24.8156,24.8156,115.0,615.8127,174,200,154.6033,615.8127,125,106.0642,30.6076,22.2629,112,520.5909,180,211
33.83,50.22,10.5544,162.4079,146.7242,12.113,111.3948,224.2376,32.9806,224.1718,161.6459,1087.7198,180,140,31,128.009,24.3673,24.3024,143.8563,590.6061,183,216,162.1844,593.7667,140,95.931,8.2839,22.7831,102,515.3644,182,209
31.666,50.759,8.9828,157.5732,161.0255,12.6896,80.6905,207.3577,35.3012,207.3577,157.8943,1246.1772,176,136,36,129.3963,26.3627,26.3627,132.7622,694.9938,181,206,155.0244,694.9938,136,97.4329,8.8435,23.2741,105,508.6459,169,211
37.29,47.13,10.9149,162.2326,148.4348,12.1834,119.1342,224.3079,33.0672,224.2457,161.9043,1093.4409,180,147,31,127.6148,24.0308,23.9695,144.5201,574.5369,185,216,162.3547,577.479,147,95.2884,8.0742,22.1586,106,524.8897,186,210
29.74,49.49,9.138,145.0632,95.4011,9.7673,83.5022,192.8918,34.6644,192.8921,150.7282,1201.62,174,146,52,115.628,20.266,20.2928,122.8865,411.7958,170,186,156.7018,410.7119,146,98.6781,9.8522,22.4318,112,382.5608,167,180
31.26,48.56,10.411,153.2083,129.0741,11.3611,108.3892,213.5581,32.3102,213.5482,157.053,1043.9463,180,143,37,117.8143,23.9048,23.9152,138.8071,571.9372,176,202,163.2635,571.4398,143,95.5249,14.826,19.0134,115,451.6818,148,210
25.52,52.19,8.1963,144.6826,90.8493,9.5315,67.1793,188.9099,33.4602,188.7612,150.8648,1119.5818,171,117,39,117.7155,24.1992,24.0705,121.7662,579.3892,174,199,153.969,585.6033,117,97.9915,9.1534,24.1806,98,587.77,162,189
22.823,56.1,7.9841,151.5548,60.9136,7.8047,63.7464,187.0582,29.0087,187.0582,148.1678,841.503,175,135,49,129.1164,22.9347,22.9347,105.5171,526.0,171,183,148.0137,526.0,135,108.9931,7.637,22.7036,110,540.4043,185,202
25.143,51.542,6.5508,128.064,40.9981,6.403,42.9126,155.7542,26.7646,155.7542,142.229,716.3464,163,108,57,107.7508,22.8629,22.8629,95.6094,522.7108,159,169,145.7407,522.7108,108,96.4074,11.677,16.4595,84,349.756,157,182
28.858,54.083,8.4422,165.702,156.733,12.5193,71.2707,216.72,32.4455,216.72,161.342,1052.7075,175,139,38,138.346,25.4581,25.4581,136.636,648.1174,184,205,154.096,648.1174,139,98.98,9.532,23.0068,105,502.6545,165,208
23.8,55.563,8.1298,159.8649,60.9653,7.808,66.0937,197.5608,27.7124,197.5608,148.7196,767.9752,175,140,62,137.0101,21.7412,21.7412,104.4324,472.6785,172,174,148.7196,472.6785,140,116.1757,7.527,23.5894,122,589.0843,193,208
23.87,53.12,7.6024,154.6544,68.7495,8.2915,57.7969,199.9192,29.3012,199.7517,151.1347,858.5597,172,139,59,128.165,23.7265,23.5898,117.8485,556.4783,172,176,153.5926,562.9451,139,107.2727,6.5507,25.4956,113,646.8785,198,206
30.8,51.32,11.6212,154.4941,175.7455,13.2569,135.0513,215.3365,37.2537,215.3365,161.6954,1387.8381,182,117,18,119.5252,33.2185,33.2185,147.1951,1103.4661,185,228,162.5177,1103.4661,117,88.4266,11.6022,23.6079,101,662.8497,150,212
43.568,39.122,4.7701,111.383,44.0056,6.6337,22.7537,127.8723,21.6298,127.0851,124.5,467.8492,158,80,71,93.9787,21.0762,20.3121,69.0426,412.5795,139,144,144.234,444.2055,80,109.2447,143.5,15.5267,69,377.1911,153,135
31.84,47.5,8.066,130.8922,84.5003,9.1924,65.0601,171.5687,35.3581,171.5687,148.4447,1250.1967,169,106,34,104.4852,23.0156,23.0156,121.0539,529.7169,172,202,153.283,529.7169,106,88.9353,12.0689,20.8694,90,385.1284,136,152
43.674,40.034,9.3008,153.3402,145.0984,12.0457,86.5043,200.5155,37.6498,200.5155,154.6323,1417.5085,175,141,43,125.5911,24.7854,24.7854,126.6838,614.3184,183,192,154.5052,614.3184,141,99.3299,9.7093,25.1214,114,526.7983,161,211
25.539,52.378,7.032,138.5904,60.1403,7.755,49.4493,173.741,29.4281,173.741,149.8313,866.0114,167,107,26,116.2108,27.881,27.881,117.0301,777.3485,169,203,148.1205,777.3485,107,93.6145,8.3343,23.3331,75,576.2512,183,198
22.12,56.99,6.7948,129.3391,56.7826,7.5354,46.1698,166.6406,32.2786,166.6406,147.3275,1041.9062,167,115,46,104.713,18.0025,18.0025,117.9594,324.0912,159,174,151.1971,324.0912,115,89.2725,12.6024,21.317,93,374.199,154,160
34.07,46.12,9.7209,149.4595,129.4874,11.3793,94.4954,201.4105,36.1498,201.4214,153.4081,1306.8052,178,133,51,118.3222,25.213,25.2421,128.7542,637.1634,177,190,158.5871,635.696,133,98.1551,16.2165,23.5672,104,475.975,166,202
32.79,45.56,5.9882,122.8153,36.6177,6.0513,35.8586,158.2229,27.1428,158.2229,145.0127,736.7297,164,111,48,98.8599,16.3267,16.3267,114.3694,266.5618,158,168,150.7452,266.5618,111,87.0255,11.5892,17.3504,92,257.3053,147,149
24.53,54.15,6.193,133.917,44.3074,6.6564,38.3527,170.1805,27.3916,170.1805,148.2744,750.3005,165,123,50,110.4332,21.6073,21.6073,117.0505,466.8771,159,169,149.6859,466.8771,123,91.9603,8.1986,21.532,102,464.4044,173,199
29.11,49.53,7.3206,122.8417,57.922,7.6106,53.5916,162.2593,31.2893,162.1953,145.6524,979.0198,168,118,42,96.4841,17.494,17.4728,118.328,305.2978,165,186,153.6693,306.0413,118,86.381,18.6936,18.6074,91,259.2762,185,186
24.601,51.542,5.9058,132.4429,34.9749,5.914,34.879,159.4602,23.7157,159.4602,142.8651,562.435,161,101,54,112.8062,22.8689,22.8689,94.9343,522.9888,158,155,144.737,522.9888,101,99.436,6.5052,17.279,76,374.1632,171,192
19.86,59.27,6.7236,142.7841,63.3098,7.9567,45.2062,182.7404,30.7416,182.7404,150.5137,945.0438,167,117,42,118.0328,23.4616,23.4616,120.0,550.4489,167,182,151.1612,550.4489,117,96.6339,7.1831,24.6705,97,577.5235,181,193
35.21,45.94,11.1788,158.4453,168.5769,12.9837,124.9653,220.2762,35.2364,220.2762,162.274,1241.6018,184,124,19,123.547,30.8235,30.8235,146.9591,950.0901,186,230,162.5536,950.0901,124,90.926,9.2411,22.7353,97,591.3593,159,212
24.54,53.12,7.8072,154.1049,67.2312,8.1995,60.9528,198.3003,29.7374,198.0957,150.3746,884.3159,168,138,62,128.0279,24.2401,23.9965,115.5913,575.8324,169,170,153.1269,587.5804,132,108.031,7.605,25.4736,108,645.0115,196,204
24.99,53.43,5.9306,131.1818,49.0359,7.0026,35.1716,166.3805,26.075,166.3805,146.33,679.9073,161,110,56,107.9899,25.4291,25.4291,111.9562,646.64,164,161,149.532,646.64,110,92.5859,8.3186,18.6007,89,429.1346,186,205
31.07,46.8,6.266,127.0883,38.24,6.1839,39.2622,163.9369,27.9672,163.9369,145.6278,782.1651,167,122,51,102.5173,17.6132,17.6132,114.5962,310.2232,159,174,151.4006,310.2232,122,90.1073,10.1845,19.353,93,334.193,158,171
29.43,49.79,9.5368,148.7963,121.2179,11.0099,90.9509,199.413,36.2438,199.4005,152.58,1313.6115,177,146,42,118.2738,23.4457,23.4715,126.29,550.9107,175,199,157.9142,549.703,146,98.9072,8.7262,22.7256,107,417.7209,153,190
33.39,48.142,9.8128,155.5566,168.6307,12.9858,96.2915,207.0701,36.1549,207.0701,160.0701,1307.1796,177,129,25,126.4593,29.6451,29.6451,139.3914,878.8344,185,223,155.9299,878.8344,129,91.5747,8.552,23.255,106,560.5106,159,209
43.03,39.96,7.5907,136.8398,82.545,9.0854,57.6195,177.7313,33.0059,177.5497,145.338,1089.3865,169,109,53,110.4238,23.8284,23.61,110.8227,557.4321,168,176,153.6454,567.7943,109,99.9945,29.5146,21.6124,92,422.6873,152,167
29.61,51.99,11.4702,159.8711,182.3946,13.5054,131.5652,220.8218,36.7131,220.8218,162.1295,1347.849,182,122,23,125.6457,32.3076,32.3076,145.0011,1043.7816,187,224,161.8386,1043.7816,122,92.7212,11.4281,24.0821,102,681.5073,156,211
25.88,52.56,5.7542,112.4715,34.5731,5.8799,33.1112,141.8699,27.2064,141.8699,142.6408,740.1874,159,94,48,91.4146,19.429,19.429,107.7805,377.4872,155,158,147.5244,377.4872,94,81.2276,12.2469,14.7493,83,222.7387,143,155
34.748,47.144,9.8888,155.2765,93.471,9.668,97.788,196.9888,33.3039,196.9888,149.162,1109.1499,184,149,48,129.7067,22.8759,22.8759,109.6034,523.3072,176,189,151.9274,523.3072,149,110.9441,7.3955,23.1897,109,463.537,187,212
19.89,58.93,6.5947,143.1623,65.9149,8.1188,43.4902,182.2415,31.1868,182.2415,149.7917,972.6185,166,122,46,118.8,24.8042,24.8042,117.1396,615.2469,166,185,150.7245,615.2469,122,98.3698,7.5434,25.6618,103,649.2015,185,194
25.936,51.992,5.9895,145.4878,54.3042,7.3691,35.8736,178.2927,25.3252,178.2927,147.8362,641.3672,159,109,48,124.3345,26.3019,26.3019,106.0941,691.7887,168,161,146.4913,691.7887,109,103.5401,8.186,21.2274,77,502.6965,187,206
21.66,55.13,8.5431,150.0152,77.3551,8.7952,72.9843,193.3994,31.2267,193.2766,150.2104,975.1041,169,123,51,123.8781,25.4716,25.413,116.9055,645.8194,172,188,153.0213,648.8017,123,104.3384,7.4472,25.6592,107,795.3936,177,208
34.51,48.16,11.9772,150.9483,176.2432,13.2757,143.454,211.0638,38.278,211.0638,160.8931,1465.202,185,121,25,115.7349,33.3485,33.3485,147.3289,1112.1234,185,219,162.6612,1112.1234,121,86.4136,10.6356,23.6906,102,672.3334,149,211
44.47,39.14,7.2064,128.7399,51.6561,7.1872,51.9321,166.252,30.7704,166.252,145.0938,946.8185,167,117,50,103.5979,19.5072,19.5072,112.2279,380.5316,163,165,151.9705,380.5316,117,92.5228,14.9973,19.6205,94,334.6266,151,159
19.86,59.32,6.922,140.6489,65.8613,8.1155,47.9145,179.6312,31.2921,179.6312,149.2801,979.1929,171,114,43,116.1206,24.382,24.382,117.4894,594.4808,166,182,150.9787,594.4808,114,96.6667,9.3381,24.6014,97,618.4606,182,191
37.56,46.03,11.9382,152.9206,180.0271,13.4174,142.5197,213.2393,38.0635,213.2393,160.5138,1448.832,185,120,21,117.8291,33.7907,33.7907,145.4995,1141.814,186,224,162.5766,1141.814,120,88.8688,11.9626,23.9877,105,682.3011,149,212
32.41,46.99,7.6876,136.1182,83.5759,9.142,59.0985,178.4073,34.0461,178.3152,148.1702,1159.137,168,111,45,109.1611,21.8462,21.8153,119.0729,475.9071,171,188,154.0699,477.2584,111,94.3708,16.1541,22.3887,94,425.3448,151,166
24.98,53.31,6.3633,124.9937,46.3194,6.8058,40.4917,161.0254,30.2779,161.0254,145.6794,916.7504,167,110,45,100.7048,16.9578,16.9578,115.3365,287.5679,159,179,150.9778,287.5679,110,87.9809,11.8232,19.7887,93,299.6938,165,169
39.4,42.19,8.4963,137.5765,98.0549,9.9023,72.1879,180.2916,35.2912,180.0995,149.5243,1245.4697,170,110,42,110.7673,26.0797,25.8346,121.2916,667.429,176,187,153.844,680.1508,105,93.5166,13.6462,23.4216,88,542.2451,165,179
27.68,50.45,7.5612,135.8496,76.6609,8.7556,57.1712,177.0266,33.0723,176.8584,147.8402,1093.7798,167,115,42,109.5651,21.8139,21.6254,117.2899,467.6591,168,193,153.2781,475.8442,115,94.6657,9.2703,21.1633,95,407.2163,148,159
36.96,46.36,11.8382,155.5456,173.9458,13.1889,140.1426,216.0244,37.5864,216.0244,161.6322,1412.7368,184,132,21,120.7933,31.1557,31.1557,146.5478,970.6753,184,224,162.1689,970.6753,132,89.2811,9.3998,23.8469,110,603.3661,150,212
34.4,48.3,10.8431,165.1617,141.1303,11.8798,117.5717,227.0821,32.5351,227.0273,162.2637,1058.5304,179,154,32,131.1236,23.0372,22.9902,143.5842,528.5512,183,215,161.7878,530.7148,154,97.4617,7.621,22.3023,120,513.08,184,212
21.4,57.61,6.4817,149.3775,63.339,7.9586,42.0127,188.1767,27.1125,188.1767,150.7751,735.0892,164,129,64,125.8353,25.8786,25.8786,115.4337,669.7039,167,165,149.5663,669.7039,129,102.3614,7.8755,21.918,108,569.2618,167,202
28.4,50.08,7.2403,123.1432,55.3476,7.4396,52.4224,162.2473,30.5145,162.1751,145.2207,931.1354,169,114,47,97.0,18.3655,18.3363,117.1862,336.2181,162,180,153.4442,337.2903,114,87.1037,16.4518,18.8004,91,282.6968,203,201
65.792,31.014,8.799,148.2959,118.0784,10.8664,77.423,195.1769,34.9558,195.1769,152.5408,1221.9092,174,148,43,119.9864,22.5086,22.5086,124.9048,506.6355,177,195,155.2585,506.6355,148,98.3129,13.3503,22.9986,113,442.0677,153,204
40.06,41.93,8.7584,151.7692,114.2901,10.6907,76.7094,205.3928,32.4605,205.4736,154.3494,1053.6868,180,143,57,120.2048,25.2076,25.1841,130.5928,634.2383,177,186,159.1349,635.4225,143,98.6675,9.2208,21.2584,110,442.4714,154,194
46.01,38.92,9.4611,148.3268,126.4237,11.2438,89.5127,201.0022,35.4695,200.9762,153.4326,1258.0858,181,133,41,116.8829,28.6103,28.6359,129.7787,820.0153,177,202,159.0889,818.5515,133,97.256,13.9371,24.3478,106,575.4706,163,202
32.74,46.92,7.5789,132.0716,74.8073,8.6491,57.4392,173.9642,33.3567,173.9642,148.2715,1112.6726,169,108,45,105.0992,23.8323,23.8323,121.0716,567.9792,172,181,154.0661,567.9792,108,90.5703,15.8817,21.3214,91,421.6376,144,164
33.76,44.96,6.2818,124.4792,37.3728,6.1133,39.4612,158.7859,29.6243,158.7859,144.7157,877.6015,166,116,48,101.0096,16.4797,16.4797,111.6869,271.5803,156,165,150.0447,271.5803,116,89.0767,7.3246,19.6,92,322.9551,146,152
29.93,49.43,8.4968,149.1658,103.823,10.1894,72.1954,200.0416,32.1778,200.0959,152.8961,1035.4127,178,152,49,118.7688,22.2961,22.2996,127.5818,497.2712,175,185,157.8493,497.1179,152,98.7221,9.2042,21.4467,112,408.77,164,198
31.97,50.36,11.5592,149.0872,175.7016,13.2552,133.616,208.8069,37.9317,208.8069,159.6019,1438.8154,183,121,23,113.8266,33.6684,33.6684,145.4133,1133.5593,183,222,162.7965,1133.5593,121,86.8889,14.1312,22.4315,100,601.5928,143,204
26.47,52.518,7.721,145.1699,81.3129,9.0174,59.6134,184.1891,31.7047,184.1891,149.8686,1005.1849,169,123,34,120.9776,28.2674,28.2674,115.8686,799.0447,176,193,150.4551,799.0447,123,99.9776,9.5357,25.226,84,676.4387,171,202
31.23,47.74,8.1126,137.7357,86.9175,9.323,65.8143,180.0301,33.4676,179.979,150.0331,1120.0822,168,113,42,111.2319,25.4934,25.5147,121.9578,650.9988,174,187,153.3584,649.9127,113,92.75,9.3108,21.513,98,517.7567,161,196
27.859,54.738,8.4137,161.7295,157.2516,12.54,70.7911,213.0369,32.3008,213.0369,160.8873,1043.3385,175,135,40,133.7336,26.443,26.443,138.002,699.2327,183,203,154.8135,699.2327,135,96.0041,9.8868,22.106,102,520.3923,170,212
42.49,40.21,8.1415,136.1726,91.5021,9.5657,66.2842,178.4341,36.1324,178.2438,148.7473,1305.5526,168,111,32,109.4176,25.7224,25.5,119.7857,650.2513,172,205,153.8297,661.642,109,93.5687,15.3714,23.3192,92,482.9357,162,176
19.79,59.45,6.7661,144.9416,64.5839,8.0364,45.7799,182.5793,28.6575,182.5361,148.1517,821.251,164,119,52,121.5759,29.5334,29.5751,111.0379,874.6849,167,168,149.7897,872.2208,119,102.8931,11.5749,25.4588,96,864.3961,182,204
76.496,27.517,7.863,144.2415,106.4153,10.3158,61.8266,186.7811,31.1368,186.7811,148.6312,969.5026,171,139,54,117.634,22.9295,22.9295,115.483,525.7634,173,182,153.4717,525.7634,139,101.3208,27.5211,19.3154,118,386.8433,153,208
40.29,44.28,11.9575,152.9367,172.5225,13.1348,142.9811,212.5011,38.4635,212.5011,160.6954,1479.4424,185,133,27,118.2511,32.4875,32.4875,145.5044,1055.4371,183,217,162.0393,1055.4371,133,88.5273,10.2335,24.1042,109,643.5419,144,205
26.73,50.544,6.8299,140.5429,54.7766,7.4011,46.6479,173.3885,27.823,173.2444,145.2994,774.1196,165,118,53,118.7293,23.5124,23.4105,101.7325,548.0529,167,174,147.5987,552.8322,118,103.3631,12.0193,18.9012,88,406.7707,161,192
54.14,37.64,10.057,164.5067,97.0911,9.8535,101.1425,225.2402,28.5845,225.2717,158.8799,817.0722,178,143,50,130.7169,22.1809,22.1761,137.0086,491.7798,180,194,161.6912,491.9907,143,103.1066,6.7798,21.3715,117,572.1198,186,211
21.16,57.87,6.0609,148.3927,60.5977,7.7845,36.7346,188.4982,27.2502,188.4982,151.4073,742.5742,163,136,57,124.3018,24.3422,24.3422,119.0145,592.5411,169,166,150.4473,592.5411,136,100.4545,7.8073,24.414,108,652.6253,198,209
28.164,51.777,8.4472,137.1935,49.9886,7.0703,71.3546,169.0032,30.5776,169.0032,143.8548,934.9921,177,119,61,114.9484,18.8395,18.8395,99.0387,354.9257,164,179,147.829,354.9257,119,102.4645,7.9346,19.5268,107,363.8749,166,177
33.12,48.83,10.7161,147.7811,134.2425,11.5863,114.8342,206.9134,34.2814,206.9134,158.5937,1175.2119,181,126,22,112.5652,24.3627,24.3627,144.7719,593.5432,179,223,162.779,593.5432,126,87.4786,10.0968,20.2926,113,483.213,154,207
64.297,31.507,9.5129,148.4887,135.5864,11.6442,90.4944,196.6181,38.1696,196.6181,155.7055,1456.9202,177,141,37,119.9094,26.7552,26.7552,132.6246,715.8411,183,207,155.411,715.8411,141,92.9968,9.6408,26.6787,109,620.3224,168,205
19.85,59.19,6.8354,143.2819,61.3419,7.8321,46.7232,182.9807,30.0568,182.9807,149.7722,903.413,165,121,51,118.6448,25.1791,25.1791,117.5521,633.9879,164,179,151.0811,633.9879,121,98.4015,7.5521,24.4081,104,659.372,182,200
23.67,56.11,7.9067,144.8097,75.0599,8.6637,62.5153,182.7065,30.473,182.7065,149.4452,928.6042,173,129,32,120.9645,25.032,25.032,114.2097,626.6014,175,201,149.8581,626.6014,129,100.2613,9.8113,23.027,88,579.7697,163,188
31.582,47.895,8.9039,172.7207,152.3962,12.3449,79.2787,224.386,30.9079,224.455,163.5531,955.2953,173,145,37,145.9977,22.6124,22.5912,138.3431,510.3636,186,209,153.3205,511.3199,145,101.5937,10.3356,23.4952,126,649.9435,171,212
36.015,42.114,6.5963,139.4924,112.1091,10.5882,43.5114,174.2326,21.5904,174.1027,133.2783,466.1433,169,128,72,114.5499,25.1742,25.04,91.9305,627.0001,156,137,152.9275,633.7415,128,122.9517,126.9598,19.2966,103,487.8248,188,211
24.75,51.98,7.9097,152.6815,65.055,8.0657,62.5634,197.9299,29.1636,197.9299,151.1465,850.5182,172,134,60,125.793,23.7413,23.7413,119.035,563.6514,172,177,153.8726,563.6514,134,105.2484,6.4554,25.2779,110,665.7821,200,211
38.052,44.227,9.265,152.0139,145.0646,12.0443,85.841,201.8581,35.2662,201.8581,157.1884,1243.7065,174,145,35,123.0628,24.2849,24.2849,134.3116,589.7542,181,208,155.8605,589.7542,145,93.5884,8.4279,21.6743,117,457.3379,152,211
22.778,55.445,5.9046,147.4014,53.2578,7.2978,34.8647,179.364,25.1335,179.364,146.9354,631.6939,160,116,56,126.6633,25.8806,25.8806,101.7823,669.8029,168,160,146.051,669.8029,116,106.9762,9.1599,19.7805,83,446.5839,190,206
26.104,51.07,5.2099,125.1618,35.6647,5.972,27.143,148.8775,21.4922,148.8725,136.9053,461.9154,159,86,56,106.0147,22.6855,22.6726,80.9216,514.0488,150,135,144.8824,514.6307,86,103.4657,67.702,15.0988,71,328.5046,146,153
42.843,41.16,9.6851,149.2718,139.3704,11.8055,93.8008,197.5302,38.2541,197.5302,156.5235,1463.376,177,133,22,120.7651,26.1558,26.1558,134.104,684.1282,183,219,155.2416,684.1282,133,92.1611,7.755,26.0101,98,585.3005,179,207
23.136,55.799,7.8893,154.398,62.3718,7.8976,62.2411,190.2891,28.2319,190.2891,148.5238,797.0425,174,138,53,132.0646,22.2838,22.2838,105.1361,496.5661,171,181,147.9388,496.5661,138,111.1463,7.8265,22.0637,115,500.7678,176,197
40.6,39.218,7.2641,145.7723,115.6041,10.7519,52.7668,188.8156,27.3583,188.8156,144.1604,748.4747,173,118,59,118.5043,25.4843,25.4843,107.6311,649.447,168,174,154.8588,649.447,118,110.755,65.1763,19.3206,107,448.5898,159,211
58.392,33.556,10.2002,150.0033,143.7363,11.989,104.044,198.4773,39.8758,198.4773,156.5844,1590.0811,179,135,32,121.3994,29.286,29.286,134.2727,857.6714,183,209,155.3669,857.6714,135,92.8279,8.8766,29.4898,108,800.2917,169,209
22.724,55.274,5.5111,153.7535,51.3251,7.1642,30.3725,186.5208,22.7035,186.5208,146.9653,515.4495,159,116,62,133.0208,25.2234,25.2234,99.4688,636.2214,166,159,146.0972,636.2214,116,113.1562,9.1189,19.691,90,481.4923,186,202
44.392,37.878,6.8105,140.8545,115.3164,10.7385,46.3829,178.7059,23.9715,178.6873,137.6372,574.6321,173,122,59,115.0062,26.2026,26.1818,97.7523,685.4891,160,161,153.6254,686.5738,122,117.0712,105.926,19.7036,108,507.7397,177,210
21.27,58.21,6.7943,128.8824,51.6002,7.1833,46.1627,165.8333,32.3516,165.8333,147.1438,1046.6273,168,114,41,104.4314,19.0929,19.0929,117.4542,364.5379,161,185,151.0261,364.5379,114,89.281,9.298,22.5136,92,424.814,164,174
29.896,47.949,7.6759,146.9644,108.8404,10.4327,58.9191,189.2137,28.85,189.2137,144.7107,832.3228,172,135,55,120.1589,23.5989,23.5989,106.4,556.9077,168,166,154.1699,556.9077,135,111.3863,60.9883,19.875,116,453.5473,169,210
49.809,36.301,4.8495,115.0472,53.115,7.288,23.5174,132.8019,19.6533,131.9811,127.5192,386.2537,158,79,69,97.6038,24.8224,23.6497,69.6226,559.3097,143,125,143.8019,616.1504,71,108.1132,129.0,15.9831,67,383.9751,153,149
22.709,58.105,7.7689,145.5099,70.5855,8.4015,60.3552,182.7829,30.2726,182.7829,148.8717,916.4283,174,123,38,121.9803,24.681,24.681,111.6118,609.1503,176,194,149.5066,609.1503,123,102.0066,8.4139,22.4227,95,539.7429,160,185
53.14,35.33,6.7957,128.7522,66.0875,8.1294,46.1811,166.1604,30.5893,166.1604,142.7359,935.7075,168,102,58,103.2682,19.8223,19.8223,106.8047,392.9219,160,167,152.6676,392.9219,102,96.8397,55.3569,18.7267,93,281.6948,148,149
78.175,26.992,7.4424,141.4606,91.9604,9.5896,55.389,181.9331,29.6303,181.9331,145.3557,877.9547,171,131,58,115.4882,23.4001,23.4001,108.3898,547.5666,169,175,153.0276,547.5666,131,104.2835,41.5792,18.9379,111,405.982,164,212
29.09,50.29,8.4681,145.5596,107.0567,10.3468,71.709,195.046,31.8298,195.1101,153.0276,1013.1357,177,147,49,115.6897,22.8233,22.8103,129.1586,520.3106,179,190,157.1701,520.9053,147,94.9402,7.4269,20.4988,108,465.3082,172,200
61.24,32.6,5.0197,122.2033,58.8361,7.6705,25.1974,149.9233,20.5487,149.48,128.9898,422.2502,162,107,77,99.76,19.0759,18.6068,85.58,346.2112,146,136,150.2567,363.8896,99,112.9567,156.2534,17.175,88,261.3091,163,155
40.867,42.543,9.1569,153.1108,69.1467,8.3154,83.8496,193.9231,28.7969,193.9231,145.2246,829.2614,179,143,73,127.3815,19.2719,19.2719,101.7785,371.4064,165,169,152.48,371.4064,143,115.8123,22.1318,19.5364,117,325.1037,178,193
55.111,34.832,7.8352,143.2776,124.5806,11.1616,61.3896,183.9495,32.2095,183.9495,144.4773,1037.4531,172,113,54,116.9338,26.1404,26.1404,106.8107,683.3226,166,168,153.5931,683.3226,113,108.224,68.7929,22.375,107,520.1062,172,212
23.708,53.847,6.3919,138.2452,60.6262,7.7863,40.8558,172.2611,28.4286,172.2611,148.2898,808.1833,163,108,42,116.1497,26.7614,26.7614,112.0382,716.174,168,174,147.7866,716.174,108,95.9076,9.9679,21.5146,76,499.1082,169,185
31.055,51.295,8.3609,168.2116,143.6778,11.9866,69.9053,218.7505,31.3567,218.7505,161.2016,983.241,175,151,41,141.3892,23.8869,23.8869,134.8882,570.5825,183,200,153.5369,570.5825,151,101.6966,9.7126,23.0674,110,518.0463,177,212
21.43,57.58,6.4341,143.9803,49.2693,7.0192,41.3983,182.4197,26.4395,182.4197,149.5211,699.0482,166,128,61,120.1099,24.0597,24.0597,115.6732,578.8691,164,163,150.1465,578.8691,128,99.4958,8.2366,22.704,105,579.968,176,200
28.77,50.56,6.7426,133.3118,73.3376,8.5637,45.4633,171.6452,28.9238,171.6452,148.8996,836.5848,168,114,41,108.724,25.8153,25.8153,119.1004,666.4294,166,188,151.0789,666.4294,114,90.233,6.4188,18.0318,92,416.2857,169,200
39.6,41.52,6.2025,123.2636,42.722,6.5362,38.4706,156.1091,29.8182,156.1091,143.1372,889.1245,163,105,56,100.397,18.0148,18.0148,106.7303,324.5335,156,161,149.4394,324.5335,105,90.6727,20.8213,19.2826,89,316.6516,147,144
25.72,53.03,7.6664,150.9419,66.5039,8.155,58.7739,196.1865,29.463,196.1865,151.0275,868.0712,175,133,62,123.9052,22.7937,22.7937,119.6391,519.5522,172,172,154.0764,519.5522,133,103.7676,6.2722,24.7814,112,594.3242,205,212
78.983,26.734,5.2339,132.027,71.0727,8.4305,27.3934,160.4324,18.0415,160.1189,132.2857,325.4961,165,103,77,110.1243,26.1192,25.7066,83.7892,660.829,153,136,149.0811,682.2128,101,117.3135,124.895,16.9383,91,466.444,170,187
31.078,49.236,8.0832,168.8659,146.7248,12.113,65.3388,219.5187,31.911,219.5187,160.6489,1018.311,180,121,44,142.0158,24.0249,24.0249,133.3511,577.1963,183,199,153.6252,577.1963,121,103.359,9.4793,23.752,111,476.489,171,206
31.69,46.26,6.3529,126.3604,40.1094,6.3332,40.3587,161.6487,29.5007,161.6487,144.9939,870.2902,168,115,48,102.3604,15.3615,15.3615,111.8138,235.9756,159,172,150.6066,235.9756,115,90.7327,14.7009,19.8403,96,299.834,154,146
28.87,53.24,11.0419,160.8407,161.1169,12.6932,121.9242,223.0155,33.7017,223.0155,162.6194,1135.8026,182,131,26,126.0889,28.0059,28.0059,146.7063,784.3299,186,220,162.4281,784.3299,131,92.5491,7.9648,22.1747,100,580.7637,171,212
29.45,51.65,11.4254,158.5246,180.5816,13.4381,130.5403,219.6595,36.8242,219.6595,162.1113,1356.0211,182,122,14,124.0214,32.4845,32.4845,146.1606,1055.2452,186,236,162.1006,1055.2452,122,91.2302,9.8149,24.2255,99,672.9544,157,210
28.05,50.39,6.9952,124.6302,55.5928,7.4561,48.9332,162.4688,29.3928,162.5118,145.8125,863.9355,169,121,55,99.4065,20.748,20.7637,116.5223,431.1332,170,167,152.2344,430.4809,121,87.5163,13.7577,18.4533,94,374.1345,183,192
22.88,53.26,8.5894,147.817,88.3642,9.4002,73.7775,190.6361,32.6499,190.5931,150.6582,1066.0171,169,122,44,121.8608,27.4965,27.5293,118.1646,757.8645,174,193,152.7342,756.0585,122,101.3481,8.2141,24.4998,106,754.3605,186,208
24.57,53.461,6.1187,145.9091,59.3389,7.7032,37.4388,178.0875,25.9447,178.0875,147.33,673.126,161,113,49,124.936,25.56,25.56,103.6128,653.3123,169,165,146.2222,653.3123,113,104.7407,7.9865,18.9723,77,400.7939,180,195
30.109,50.019,8.9104,139.3905,69.4807,8.3355,79.3958,173.2751,32.4549,173.2751,145.6538,1053.3235,175,127,54,116.5089,22.7615,22.7615,103.713,518.0872,168,179,148.6183,518.0872,127,101.5621,8.4116,20.6848,96,444.0429,178,209
30.132,49.879,9.1547,162.3929,162.9457,12.765,83.8088,213.4408,34.5752,213.4408,160.0146,1195.4454,176,139,36,134.3451,26.5056,26.5056,135.1559,702.5455,184,209,154.8295,702.5455,139,98.2474,8.9269,22.869,112,464.1346,170,211
28.69,53.644,8.4428,165.5427,147.1535,12.1307,71.2816,216.4871,31.7776,216.4871,161.0596,1009.813,174,132,37,138.1909,25.1367,25.1367,136.0875,631.8526,183,205,154.1292,631.8526,132,99.3857,9.503,22.3245,107,499.3391,166,210
22.709,55.049,5.6538,152.3521,58.0803,7.621,31.9658,185.4014,24.3416,185.4014,148.0246,592.5112,158,120,59,131.5176,26.0115,26.0115,102.919,676.5994,168,157,146.0775,676.5994,120,109.7923,9.6099,19.8113,90,462.9609,188,206
30.712,48.892,8.5502,172.2873,144.248,12.0103,73.1065,223.9665,30.5942,224.0356,163.4196,936.0065,172,166,34,145.5781,21.8091,21.7843,138.3951,474.5545,185,211,153.4018,475.6377,166,101.5491,10.2606,23.8638,126,619.2599,173,211
36.81,44.77,6.9393,140.4282,67.6945,8.2277,48.1542,182.1463,30.1611,182.1463,150.5787,909.6928,170,123,38,114.7261,27.3796,27.3796,122.1596,749.6406,167,192,152.508,749.6406,123,94.492,7.0215,24.1844,92,629.1032,173,197
56.49,34.13,7.4104,134.7784,65.6007,8.0994,54.9143,177.4858,30.6937,177.4858,148.8864,942.1038,169,125,50,107.5739,19.2714,19.2714,121.7585,371.3861,170,187,154.2273,371.3861,125,91.8438,6.3304,19.0214,100,323.2674,150,166
21.015,56.743,6.0554,145.8366,58.5403,7.6512,36.6682,178.7124,26.2975,178.7124,147.5621,691.5601,161,106,49,124.5752,25.4149,25.4149,105.2255,645.9175,169,165,146.6405,645.9175,106,104.3529,9.6283,20.8621,78,474.617,161,181
30.956,49.686,8.5142,136.3906,62.6528,7.9153,72.4921,169.4688,31.5652,169.4688,144.6687,996.3597,175,119,56,113.6687,22.0498,22.0498,102.3,486.192,166,180,148.5406,486.192,119,100.3469,7.879,19.3145,94,407.5462,165,194
31.475,50.855,9.7625,174.1782,158.4493,12.5877,95.3066,225.1131,33.2729,225.1267,163.4444,1107.0863,175,156,46,147.9325,22.333,22.3531,136.6925,499.6602,184,200,152.7937,498.7636,156,103.3413,10.4594,25.9528,132,726.5947,177,212
45.6,38.21,8.9988,142.247,107.6463,10.3753,80.9781,187.7937,35.6683,187.5835,152.9587,1272.2288,175,114,36,114.8519,32.3849,32.1417,128.7354,1033.0862,179,203,154.4976,1048.7799,101,92.1602,10.358,27.1895,89,804.4854,184,208
22.81,57.1,5.4003,125.9792,30.8802,5.557,29.1628,158.5451,23.3422,158.5451,145.2083,544.86,161,102,60,103.9271,23.2856,23.2856,110.6701,542.22,159,158,148.2708,542.22,102,89.5035,8.6549,18.825,89,415.8661,183,185
32.55,47.21,9.372,148.5338,129.7544,11.391,87.8345,201.1598,35.501,201.2319,153.4601,1260.3226,182,132,43,116.9685,26.8624,26.8549,129.8111,721.1852,176,192,159.1138,721.5887,132,97.2421,16.5545,23.1786,107,467.1783,158,197
48.63,36.94,8.3926,138.8346,98.9169,9.9457,70.4352,183.799,34.812,183.604,152.5804,1211.8722,175,114,39,111.3794,29.8938,29.6768,130.0126,880.7131,178,195,154.5276,893.6378,106,89.5,7.5101,26.4033,91,719.1902,176,206
59.99,32.98,5.1421,118.8428,51.2461,7.1586,26.4411,147.8679,21.0492,147.7516,131.3821,443.0682,163,103,75,96.0,18.3734,18.1606,89.6352,329.8065,146,144,150.6509,337.5829,100,106.066,149.9871,15.5626,91,230.8616,157,152
77.404,27.228,7.3942,142.9349,105.6922,10.2807,54.6749,185.0575,31.396,185.0575,148.3295,985.7098,170,139,53,116.5441,22.7817,22.7817,115.0843,519.0046,173,183,153.2759,519.0046,139,100.387,20.6932,19.6738,112,389.7805,165,211
33.031,48.442,9.6014,151.2849,81.573,9.0318,92.1872,191.8832,32.0116,191.8832,148.7806,1024.7394,180,140,61,126.0342,22.0051,22.0051,109.9345,484.2227,175,183,151.5128,484.2227,140,107.7692,7.3782,20.9331,106,397.2409,160,184
37.617,45.096,9.0983,151.1748,153.99,12.4093,82.7784,200.8811,35.5415,200.8811,157.2121,1263.1963,176,140,33,122.2214,25.5169,25.5169,135.0373,651.1119,183,210,155.8322,651.1119,140,92.5641,8.4145,22.1444,118,483.0349,168,212
40.63,40.967,4.8897,117.9739,49.7672,7.0546,23.9096,136.4967,21.3082,136.0523,127.1133,454.0395,162,83,70,99.7843,21.8778,21.3423,70.4641,455.4918,143,158,144.6993,478.6381,79,111.5425,138.9933,15.8473,66,379.2542,150,140
60.53,32.79,5.0728,119.8149,49.2409,7.0172,25.7337,147.0974,20.1761,146.8409,130.0753,407.0732,163,101,73,97.7338,19.6242,19.3232,85.8442,373.3865,145,138,149.7208,385.1078,98,108.9935,154.2767,16.1303,86,273.3188,157,153
23.0,56.81,5.844,138.2202,43.0828,6.5637,34.1528,174.959,25.0237,174.959,148.2351,626.1833,162,118,60,114.8657,25.0951,25.0951,114.5821,629.763,160,158,149.6231,629.763,118,96.1418,8.2313,21.221,101,550.5267,171,182
33.1,48.131,8.654,128.8167,54.4096,7.3763,74.8917,161.2926,31.301,161.2926,142.8252,979.7551,173,118,57,105.6817,18.9923,18.9923,101.0836,360.7087,161,177,149.1672,360.7087,118,96.3151,18.8068,16.8987,86,268.545,141,153
24.1,55.1,6.1881,132.3102,54.4485,7.3789,38.2921,168.2673,28.3568,168.2673,148.2079,804.1085,162,108,51,109.0,25.1617,25.1617,117.3102,633.1136,166,172,149.5644,633.1136,108,90.5281,6.8963,22.756,90,559.2937,189,201
28.97,50.44,9.0285,142.9059,93.1466,9.6512,81.5134,192.5918,32.8768,192.5343,151.8929,1080.8817,176,148,48,112.4643,21.4893,21.4865,128.0153,461.6702,174,193,157.8061,461.7905,148,94.523,7.9767,20.4131,108,325.9885,163,174
32.07,49.182,8.9201,126.6565,62.5707,7.9102,79.5688,159.465,33.3749,159.465,143.9664,1113.8817,177,110,50,103.5198,20.6665,20.6665,104.9514,427.106,166,189,149.1976,427.106,110,92.4742,13.7227,17.5641,82,269.2527,146,153
27.86,50.54,7.9655,144.2523,74.2441,8.6165,63.4493,188.5594,30.0559,188.6044,150.0531,903.3561,169,138,59,116.9656,23.67,23.6933,120.1937,561.371,171,170,154.225,560.2704,138,98.8125,6.8746,21.5872,106,505.3145,179,201
24.7,52.91,8.0537,151.91,60.0928,7.752,64.8621,196.6871,28.6228,196.5691,151.4516,819.2626,171,136,61,125.2645,23.1331,23.0768,119.729,532.5374,169,172,153.471,535.139,136,103.8774,7.3473,23.3048,109,587.6589,190,212
23.17,53.31,8.4462,151.9055,70.8255,8.4158,71.3385,195.2614,31.238,195.1824,150.6797,975.8112,173,123,51,126.0033,25.1121,25.115,117.1373,630.7618,169,185,152.7353,630.6181,123,105.3464,6.6754,26.7541,107,785.4871,180,203
29.026,53.097,8.6753,161.1911,163.9645,12.8049,75.2607,212.3699,33.6775,212.3699,159.9045,1134.1759,175,130,40,133.0366,26.6105,26.6105,135.8781,708.119,183,204,155.0752,708.119,130,97.3435,9.4126,22.761,103,517.6695,177,212
33.01,51.64,10.8346,161.5852,147.4787,12.1441,117.3884,223.8339,32.7292,223.7729,162.0645,1071.2037,182,138,28,126.8186,25.0312,24.9768,145.3213,623.8411,185,219,162.5213,626.5599,138,94.3421,7.8732,21.8391,107,525.8313,174,212
31.849,49.096,8.2859,125.2517,50.9864,7.1405,68.6563,156.9238,30.6546,156.9238,143.0199,939.7053,173,113,54,102.6821,19.828,19.828,102.947,393.1498,162,179,148.6324,393.1498,113,92.4834,11.0035,16.9269,84,286.9851,143,169
28.74,50.13,6.7644,129.674,50.3117,7.0931,45.7566,167.9973,26.9025,167.9973,145.6621,723.7432,166,117,61,104.474,23.3288,23.3288,113.874,544.233,168,170,152.1945,544.233,117,92.5315,16.3677,19.929,94,441.4108,201,212
56.904,33.985,6.0369,133.5323,94.8698,9.7401,36.4437,167.3878,20.3396,166.9354,132.6127,413.7006,168,113,69,108.9582,27.4248,26.969,92.403,727.325,149,138,152.6388,752.1217,113,118.4525,125.6482,20.3157,95,526.0859,183,199
29.095,48.892,8.4202,146.3467,146.5737,12.1068,70.8994,191.9975,34.4281,191.9975,151.0711,1185.297,174,131,46,118.5503,27.2505,27.2505,121.2915,742.5903,177,188,154.8995,742.5903,131,99.2563,34.0438,20.3383,110,492.3078,163,208
30.42,48.9,9.1111,151.7659,114.7356,10.7115,83.0125,203.1785,34.4786,203.1683,153.4401,1188.7772,176,141,52,121.3032,22.3954,22.4218,127.3276,502.7383,176,185,157.8704,501.5548,141,100.3301,11.367,23.0181,109,433.5023,175,192
21.5,57.76,7.0714,137.6848,64.9867,8.0614,50.005,177.4909,32.6646,177.4909,149.8848,1066.9794,167,117,39,112.4909,20.7112,20.7112,121.3727,428.953,165,193,151.7121,428.953,117,92.8242,9.9665,24.0862,100,490.329,168,189
24.708,51.316,6.2868,136.0667,48.0928,6.9349,39.5239,165.8246,25.4673,165.8246,144.6947,648.5838,161,110,58,115.4632,23.7705,23.7705,100.0947,565.0361,164,162,145.9228,565.0361,110,99.8772,9.9193,17.556,88,406.1013,162,197
31.49,52.12,11.0723,159.2469,159.8111,12.6416,122.5953,221.0113,34.5083,220.9312,161.8815,1190.825,180,128,24,124.4447,26.9321,26.8416,145.8296,720.4691,187,224,162.5045,725.336,128,92.4458,7.1774,22.519,103,546.7098,170,212
22.86,53.63,8.0699,144.3516,79.6308,8.9236,65.1238,187.5631,32.3112,187.5419,150.1618,1044.0121,170,118,47,117.7379,24.6806,24.7177,119.8091,610.9645,171,188,153.5049,609.1321,118,98.89,10.6417,24.5947,102,650.9247,183,194
48.336,36.87,4.7401,112.2188,40.9501,6.3992,22.4683,129.5521,20.7035,129.1979,126.0769,428.6353,156,83,67,94.625,21.7714,21.3941,70.0104,457.7056,140,134,144.3958,473.9921,82,107.7604,144.5417,15.0144,68,355.2552,148,143
30.06,51.82,11.4505,156.7486,175.5541,13.2497,131.1142,217.9789,36.4068,217.9789,161.8662,1325.4523,183,125,24,121.9221,32.3395,32.3395,146.5762,1045.8452,184,223,162.4249,1045.8452,125,90.1402,10.6898,23.2646,103,627.9471,151,210
26.356,52.657,7.9253,139.4062,80.2986,8.9609,62.8098,177.0906,32.9736,177.0906,150.1625,1087.2562,174,114,21,115.5219,27.5587,27.5587,118.7844,759.4829,175,218,149.9062,759.4829,114,93.9,9.7188,24.1357,80,629.3932,151,189
42.05,40.48,6.4048,127.9692,58.1881,7.6281,41.021,166.5908,27.5348,166.5908,142.5737,758.1636,168,109,61,101.8369,19.2334,19.2334,108.3631,369.9218,163,162,153.5661,369.9218,109,96.5046,54.9738,17.9258,90,286.6349,147,162
30.87,49.73,10.1433,170.9212,123.4851,11.1124,102.8873,232.8126,30.066,232.7751,162.8754,903.9673,178,162,46,137.9909,19.5618,19.5415,141.9749,381.8689,185,200,160.7954,382.6632,162,101.912,7.9703,22.2455,129,473.3599,188,212
22.228,56.572,7.792,147.2138,58.216,7.6299,60.7155,182.9243,29.4619,182.9243,147.8158,868.0049,175,129,45,124.3586,23.5261,23.5261,107.2401,553.4779,171,190,148.6217,553.4779,129,105.4474,9.5592,22.9719,102,540.5524,185,205
20.66,58.64,6.6143,128.7993,54.684,7.3949,43.7493,164.6711,30.7777,164.6711,146.6414,947.2664,164,123,56,104.8158,16.0219,16.0219,114.8487,256.7011,162,163,150.3355,256.7011,123,89.7664,6.2781,18.1141,100,265.6898,137,143
41.32,40.63,5.7688,120.3322,41.3279,6.4287,33.2788,152.5635,28.386,152.5635,142.4361,805.7652,161,102,49,97.6319,19.022,19.022,106.4463,361.8355,157,161,149.3583,361.8355,102,89.0163,28.3041,18.9861,88,314.552,152,160
27.23,51.6,7.4867,140.4101,61.3611,7.8333,56.0505,181.4557,29.1332,181.2808,148.1677,848.7409,173,118,48,114.8449,27.1323,26.9962,115.4462,728.7924,166,178,152.557,736.1635,118,98.6487,6.2557,23.088,103,618.1248,194,206
32.03,47.79,9.2254,150.5323,112.0302,10.5844,85.1083,203.0984,33.4646,203.1395,154.0311,1119.8824,178,147,48,119.3782,24.6122,24.6308,130.0622,606.674,178,187,158.6814,605.7582,147,98.1321,10.2861,22.5089,111,477.5715,155,194
31.24,51.06,11.6198,152.1042,174.8575,13.2234,135.0208,212.5307,36.9875,212.5307,160.5,1368.0748,182,120,26,116.9046,33.0797,33.0797,146.1623,1094.2686,184,217,162.75,1094.2686,120,88.1031,12.1021,22.9049,102,628.8275,152,212
39.661,38.5,3.6805,114.15,43.6136,6.6041,13.5464,130.76,17.9281,129.37,125.0312,321.4175,154,83,76,97.19,23.8263,21.4891,66.68,461.7824,137,129,143.56,567.6931,69,111.27,150.94,14.7118,61,381.5138,148,141
29.81,47.96,6.1344,125.587,40.0281,6.3268,37.6308,162.3665,28.4612,162.3665,146.2081,810.0408,168,111,49,101.0963,16.8861,16.8861,117.0776,285.1391,159,172,151.2547,285.1391,111,87.646,9.7508,19.0802,94,291.3478,148,159
29.552,49.439,9.9672,156.2046,191.5967,13.8418,99.3453,208.2276,38.292,208.2276,160.0759,1466.2749,177,115,22,126.9149,32.9473,32.9473,138.8621,1085.5228,186,227,156.2483,1085.5228,115,92.1241,10.0394,24.4176,101,622.0683,162,207
59.85,33.32,8.0349,140.1511,74.8005,8.6487,64.5593,186.3831,27.1255,186.3533,145.964,735.7912,177,144,64,110.7996,21.9502,21.9656,115.0379,482.4859,169,166,157.0802,481.8107,144,102.4321,51.2121,17.5251,108,363.5233,157,212
37.19,44.09,9.6888,147.1982,128.7993,11.349,93.8724,199.9581,35.9379,199.9009,153.3929,1291.5316,181,135,34,115.585,28.3164,28.3215,130.2627,802.1068,178,202,159.2649,801.8212,135,96.1369,13.4631,23.4571,98,541.8716,155,208
30.9,49.46,10.5179,156.5749,136.9161,11.7011,110.6259,218.1566,32.2188,218.1566,159.2724,1038.0486,181,154,33,121.1051,24.2544,24.2544,142.1138,588.2772,180,210,163.2714,588.2772,154,94.6333,11.7941,19.2173,121,469.374,150,211
54.58,34.85,7.0414,130.8592,54.2787,7.3674,49.581,169.2479,28.9888,169.2479,143.3711,840.3481,167,112,56,105.0845,19.2408,19.2408,107.5944,370.2091,161,165,152.9296,370.2091,112,97.631,36.2928,18.1459,95,295.131,154,155
30.384,48.86,10.0192,157.7254,175.9812,13.2658,100.3837,210.1419,36.8768,210.1419,161.2586,1359.8973,178,126,18,128.5538,31.7687,31.7687,141.2037,1009.2475,191,232,156.0275,1009.2475,126,91.4989,8.8627,24.8018,102,658.2703,149,206
41.935,40.151,4.9125,116.7851,39.4675,6.2823,24.1322,135.5124,20.9388,135.3802,127.3846,438.4343,162,88,69,98.5124,21.9918,21.8258,71.2479,476.3654,142,157,144.9091,483.6407,88,110.0248,142.6239,15.3157,71,385.0928,149,136
77.091,27.346,8.0602,143.8295,108.52,10.4173,64.9671,185.8523,31.4579,185.8523,147.8182,989.5971,173,138,60,117.375,23.1221,23.1221,113.5379,534.6336,172,175,153.3409,534.6336,138,102.0795,29.1875,18.8872,114,396.8935,152,206
23.62,53.78,7.9606,155.1069,69.4872,8.3359,63.371,200.9528,29.1794,200.9528,151.3805,851.4357,170,135,61,128.1447,23.625,23.625,118.4057,558.1393,171,175,153.9937,558.1393,135,107.1541,6.4465,24.7076,110,623.0106,203,208
23.06,53.35,8.6003,151.983,77.8224,8.8217,73.9654,193.9626,32.2704,193.9458,150.0272,1041.3785,169,129,45,126.6735,26.5985,26.6422,114.4694,709.8049,170,193,152.0272,707.482,129,106.5136,10.1864,27.1719,107,891.5532,203,211
48.679,36.752,4.3733,112.8023,50.0186,7.0724,19.126,128.9302,19.1426,128.0814,124.7375,366.4377,155,83,76,95.6628,22.2231,21.223,67.8023,450.4138,142,118,143.8837,493.8655,77,110.1163,149.5238,14.7155,72,383.9909,155,152
44.5,39.17,7.0418,130.8871,61.787,7.8605,49.5868,169.0577,30.7991,169.0577,145.4672,948.5823,168,114,52,105.5722,19.92,19.92,112.1627,396.8053,167,167,152.1732,396.8053,114,93.8819,11.6658,18.8132,97,326.2817,152,163
38.662,38.907,4.3889,119.5802,43.0515,6.5614,19.2628,137.5802,17.21,137.3206,130.3333,296.1856,154,80,72,102.1221,22.1588,21.7066,68.4427,471.1749,142,125,143.2061,491.0118,76,108.0992,121.3109,13.936,66,341.1759,143,145
22.53,57.4,5.8622,132.5374,34.8409,5.9026,34.3651,167.5306,24.7518,167.5306,146.4694,612.6533,163,110,52,109.5816,25.3544,25.3544,112.1156,642.8474,158,162,149.2381,642.8474,110,93.7857,6.3483,21.4025,96,524.3456,174,193
23.563,55.832,7.9671,158.7543,56.3108,7.5041,63.4739,195.6553,27.0249,195.6553,148.5256,730.3463,180,143,59,136.2082,21.9766,21.9766,104.041,482.9698,171,175,148.3413,482.9698,143,115.3925,7.6894,23.2897,119,578.6294,188,210
25.99,51.767,6.7596,140.4592,66.5873,8.1601,45.6925,176.1692,29.3961,176.1692,149.6586,864.1299,164,109,36,117.8066,28.1983,28.1983,115.6314,795.1437,171,185,148.4592,795.1437,109,95.6979,7.9637,22.9415,80,573.455,156,191
23.8,55.6,5.8388,126.0973,45.7567,6.7644,34.0914,158.5914,26.5072,158.5914,145.3152,702.6321,162,108,54,104.0389,24.4647,24.4647,110.1479,598.5214,165,176,148.2023,598.5214,108,89.4397,8.8933,18.6115,89,401.3527,175,191
35.3,47.73,10.588,164.8165,138.4588,11.7669,112.1047,227.0987,31.8852,227.0371,162.4713,1016.6666,181,154,31,130.5945,23.1116,23.0463,144.3949,531.1331,184,215,162.0202,534.1468,154,96.7654,7.4136,21.7645,114,491.7952,174,209
26.936,52.035,6.5402,132.032,55.6479,7.4598,42.7747,161.096,28.2274,161.096,139.7673,796.7861,170,111,56,110.732,23.5032,23.5032,90.044,552.3988,163,172,147.312,552.3988,111,104.768,53.2542,17.8398,87,394.7242,151,155
22.511,58.298,7.5824,143.1765,72.8855,8.5373,57.4935,180.3301,30.8586,180.3301,148.8595,952.256,171,119,29,119.5261,24.5745,24.5745,112.9575,603.9072,175,206,149.634,603.9072,119,99.6732,9.5265,22.0443,90,527.2296,159,186
21.39,55.42,8.1978,151.2173,83.2377,9.1235,67.2046,195.5673,31.498,195.4792,151.5769,992.1268,169,130,45,124.8526,25.0371,25.0287,120.0256,626.4378,172,194,153.2724,626.8566,130,103.0449,10.2265,25.5883,109,725.1385,179,209
27.9,51.13,6.7845,126.8754,49.868,7.0617,46.0297,163.3224,28.5473,163.1967,145.0197,814.951,167,111,53,102.5987,21.6688,21.5932,112.0757,466.2645,162,174,151.1513,469.5352,111,90.9243,11.7643,18.8757,91,391.2073,176,193
19.79,59.69,7.1733,146.8264,78.818,8.878,51.4569,186.5379,33.964,186.3094,149.4886,1153.5526,167,122,42,122.4924,25.3218,25.0957,114.7765,629.794,166,190,150.9053,641.1949,122,102.4848,12.295,27.4389,104,712.4246,169,201
39.35,46.01,9.8057,171.9446,97.7193,9.8853,96.1514,233.7688,27.3748,233.7492,161.9184,749.3821,180,159,54,139.0952,17.5845,17.5832,139.7845,309.1691,184,190,160.7971,309.2141,159,104.795,7.7757,21.31,137,501.0591,195,212
40.409,41.16,5.1249,122.9679,50.5493,7.1098,26.2651,144.1538,21.7801,143.9423,129.5034,474.3747,161,94,72,103.859,22.649,22.3656,73.2949,500.22,149,147,145.6026,512.9774,91,112.8077,132.7067,16.1341,79,384.7622,157,144
54.478,35.089,8.603,143.2667,133.2867,11.545,74.0121,185.6455,35.1066,185.6455,146.9725,1232.4706,172,113,50,116.3273,26.1556,26.1556,112.4394,684.1138,170,178,154.0061,684.1138,113,103.3455,44.9286,21.7756,107,488.5291,160,212
24.07,53.37,8.2182,148.3,93.7847,9.6843,67.5381,192.7765,33.1566,192.6514,151.2149,1099.3589,170,128,45,121.5215,24.4374,24.3603,120.596,593.4229,176,192,153.7536,597.1872,128,100.8739,7.3006,24.6313,102,637.1722,177,200
22.03,56.818,7.884,149.4478,56.6689,7.5279,62.1567,185.798,28.1281,185.798,147.6599,791.1927,175,129,48,126.431,23.1102,23.1102,106.0505,534.0806,171,187,148.9091,534.0806,129,107.9327,7.0101,22.3196,103,541.4167,183,203
38.83,42.801,8.9324,154.1926,142.376,11.9321,79.7882,203.5731,34.149,203.5731,156.0093,1166.1531,173,142,37,125.645,24.4213,24.4213,130.3666,596.398,179,204,155.5499,596.398,142,97.6914,10.6651,21.4369,118,452.4287,153,212
36.06,46.115,10.0714,156.0084,93.4218,9.6655,101.4322,199.1457,33.0352,199.1457,149.902,1091.3218,181,144,44,129.9356,23.7257,23.7257,111.8403,562.9089,175,192,152.5742,562.9089,144,110.4818,7.4759,23.5624,107,495.8195,201,209
26.88,51.88,6.2276,114.8032,47.5659,6.8968,38.7834,144.4385,29.2479,144.4362,142.7059,855.442,158,96,51,93.5562,21.3188,21.3757,106.7647,456.9201,160,162,147.6096,454.4905,96,83.1872,18.5714,16.377,82,288.9953,139,155
32.03,46.01,6.2334,125.3343,42.5904,6.5261,38.8547,161.5455,30.2806,161.5455,146.607,916.9152,165,114,42,101.173,16.5799,16.5799,117.9501,274.893,159,176,150.8241,274.893,114,86.7595,9.1953,20.6105,93,333.0051,151,154
22.89,54.01,8.3757,144.5833,89.3336,9.4516,70.1525,187.4244,33.7017,187.4263,150.3119,1135.8065,171,122,48,118.1994,25.0692,25.1094,119.5788,630.4822,174,185,153.209,628.4624,122,98.7878,8.5065,24.8168,103,685.047,180,199
22.656,58.041,7.7402,144.2894,64.6492,8.0405,59.9103,180.5948,29.9992,180.5948,148.0997,899.9526,172,125,37,121.0257,24.2861,24.2861,109.9486,589.8163,172,195,149.1254,589.8163,125,102.1093,7.0354,22.6944,93,558.4109,171,192
20.65,59.05,6.5689,133.2684,62.9272,7.9327,43.1502,172.655,31.9003,172.655,149.361,1017.6282,167,113,34,108.0703,22.2346,22.2346,122.2843,494.3795,165,197,151.8307,494.3795,113,89.5783,9.9088,22.9179,95,461.4328,170,188
38.868,44.066,10.4037,153.097,92.2084,9.6025,108.2368,196.097,33.6166,196.097,150.0431,1130.0781,183,148,39,126.7197,24.111,24.111,113.566,581.3385,176,197,152.779,581.3385,148,107.3234,7.5123,23.0369,107,493.3931,186,207
20.687,56.947,5.8322,143.5817,69.0534,8.3098,34.0146,177.8987,27.5897,177.8987,148.3366,761.1923,160,110,43,121.6797,26.6845,26.6845,109.1307,712.0649,170,174,147.5131,712.0649,110,100.8333,7.7336,20.3924,77,455.9433,162,187
30.56,51.4,11.55,155.0631,183.535,13.5475,133.402,216.16,37.209,216.16,161.5593,1384.5085,184,121,25,120.0207,33.6182,33.6182,146.9314,1130.1864,186,220,162.6115,1130.1864,121,88.9293,10.1003,23.6534,104,647.0322,151,208
30.96,48.27,7.6526,130.0935,78.8525,8.8799,58.5616,170.7898,34.4625,170.5977,147.5571,1187.6627,167,113,41,103.679,22.5747,22.317,119.3608,498.0466,169,192,153.5284,509.617,103,89.9574,18.0261,20.4641,92,350.2406,150,159
23.14,53.44,8.012,153.1505,70.4133,8.3913,64.1922,194.4568,29.5341,194.4875,149.8094,872.2628,169,132,63,128.3741,26.3715,26.4139,113.0827,697.6945,169,162,151.4137,695.4545,132,107.946,6.6774,25.8938,107,848.3851,189,209
32.39,53.19,10.1733,167.9029,124.4478,11.1556,103.4966,229.8663,30.3427,229.8146,161.9447,920.6824,179,154,42,134.3348,20.6314,20.5839,141.7061,423.6975,182,205,161.4541,425.6527,154,100.7359,7.4613,21.7234,124,486.5981,189,212
22.152,55.671,6.4178,140.9256,58.0249,7.6174,41.1876,175.1327,26.9935,175.1327,147.8091,728.6472,162,112,43,118.8576,26.3145,26.3145,109.3269,692.452,167,167,147.8026,692.452,112,99.3204,7.4595,20.6187,75,472.4588,180,191
32.43,49.8,11.6171,151.566,163.0799,12.7703,134.9578,211.4038,37.0142,211.4038,159.6719,1370.0537,182,127,26,116.4866,32.3302,32.3302,144.2025,1045.2404,183,217,162.6018,1045.2404,127,89.3233,11.7741,22.805,105,602.5741,149,212
21.23,55.63,8.7151,152.1947,83.4808,9.1368,75.9525,195.3576,32.5919,195.33,150.6192,1062.2352,169,129,49,126.2748,26.0299,26.0685,116.1424,679.5677,171,187,152.6391,677.5544,129,105.5927,7.7793,25.3964,111,754.014,190,210
28.606,53.654,8.6417,163.2233,159.4656,12.628,74.6788,214.5379,33.141,214.5379,160.3243,1098.3237,178,119,49,135.2738,25.9697,25.9697,135.8116,674.4234,183,197,154.8272,674.4234,119,98.466,8.9301,22.6014,106,509.6085,167,211
25.738,51.735,6.0908,134.1232,48.2499,6.9462,37.0978,164.6015,26.9366,164.6015,143.7263,725.5781,163,102,42,113.0,24.8542,24.8542,99.3913,617.7323,160,164,146.8406,617.7323,102,99.913,15.0074,19.47,74,423.8406,173,184
30.32,50.95,11.3383,157.9317,175.4202,13.2446,128.5571,219.6167,35.9597,219.6167,162.1311,1293.0999,183,122,13,123.0231,32.6138,32.6138,146.9218,1063.6613,184,236,162.5363,1063.6613,122,90.6344,10.9489,23.5919,100,643.4584,169,208
30.38,52.78,10.9871,161.2307,163.1695,12.7738,120.7162,223.381,34.29,223.381,162.4436,1175.8024,183,132,20,126.5031,27.2786,27.2786,146.0386,744.1232,186,229,162.4238,744.1232,132,93.238,7.2101,22.4028,98,531.7159,174,207
21.49,55.11,8.2344,149.2492,84.1961,9.1758,67.806,193.2767,31.8865,193.299,150.5233,1016.7491,172,127,46,122.5167,24.4471,24.4847,118.4767,599.5001,170,194,153.6033,597.6583,127,102.9167,7.301,25.2372,110,710.1028,173,206
41.68,40.89,11.0421,158.9855,166.6679,12.91,121.9289,220.8584,34.9203,220.8584,162.2754,1219.4294,181,124,22,124.1895,30.3592,30.3592,146.7358,921.6795,185,225,162.4916,921.6795,124,91.4214,8.4564,22.8415,97,586.4948,161,210
28.19,50.48,7.8846,136.5049,56.9798,7.5485,62.1663,176.5855,30.2132,176.6131,147.1914,912.8357,167,127,61,110.6316,21.9318,21.9626,114.6809,482.3545,166,173,152.6941,481.0043,127,96.4474,10.3026,20.8223,99,425.1997,191,203
23.3,56.35,5.8397,124.1287,36.5772,6.0479,34.1026,155.3235,25.6402,155.3235,145.0037,657.4185,160,100,56,102.5993,22.0058,22.0058,109.5882,484.2557,161,162,147.5184,484.2557,100,88.0625,7.637,17.9816,89,367.0047,155,160
23.26,56.31,5.2177,124.6105,26.3066,5.129,27.2244,153.0643,22.9743,153.1802,142.7895,527.8207,156,107,59,104.0526,20.9009,20.9067,101.1462,437.0892,151,147,146.1813,436.8456,107,92.0936,7.8012,16.9624,84,343.4299,150,162
22.61,55.456,5.6649,155.3204,56.7392,7.5325,32.0914,188.9049,23.9554,188.9049,148.0141,573.8622,161,120,61,134.3838,25.7537,25.7537,101.4824,663.2549,168,153,146.3028,663.2549,120,112.8768,8.1655,19.234,93,468.4829,186,204
47.665,37.213,8.8742,145.9262,131.0629,11.4483,78.7522,190.8689,34.8168,190.8689,149.9262,1212.213,178,129,37,118.2869,25.8946,25.8946,118.8033,670.5292,174,201,154.6967,670.5292,129,100.5464,22.4123,21.7947,107,541.8876,164,212
27.882,51.981,8.6307,147.0478,56.4553,7.5137,74.4891,181.5892,29.9763,181.5892,145.9427,898.5808,173,127,65,124.2803,21.7844,21.7844,101.4777,474.5605,167,173,148.4459,474.5605,127,108.4904,7.5892,21.8329,108,502.9087,179,186
29.77,51.86,11.3989,159.0832,179.0855,13.3823,129.9352,220.0382,36.6972,220.0382,161.8941,1346.6865,182,122,18,124.7627,32.3721,32.3721,145.2182,1047.9504,184,230,161.9471,1047.9504,122,92.2283,11.4864,24.1073,99,656.5365,163,211
26.21,52.33,6.0218,111.7534,33.5411,5.7915,36.2626,142.1182,27.0558,142.1182,143.902,732.0168,158,100,46,90.3851,19.8791,19.8791,113.3682,395.1786,156,160,147.8953,395.1786,100,78.3615,12.6419,15.6071,81,267.622,151,159
57.98,33.684,5.4274,130.2562,84.7028,9.2034,29.4566,159.3595,17.1867,158.1942,126.7404,295.3813,166,110,70,107.3223,27.0229,25.9102,85.124,671.3375,144,132,151.1364,730.2391,106,124.6281,145.5297,20.0046,92,560.483,188,202
34.626,47.112,9.9104,153.6788,92.1852,9.6013,98.2152,194.4637,33.221,194.4637,148.8631,1103.6379,183,143,55,128.419,23.6087,23.6087,108.933,557.3716,176,186,151.4637,557.3716,143,109.905,8.3708,22.3337,111,464.5059,178,206
32.83,51.02,10.8205,162.0395,145.8929,12.0786,117.0829,223.9791,32.7944,223.9111,161.8648,1075.4711,181,137,27,127.4538,24.953,24.882,144.5132,619.1164,185,220,162.2956,622.6501,137,95.1319,7.3135,21.9624,102,519.7578,189,208
29.98,53.34,11.1752,159.6939,160.2181,12.6577,124.8851,222.3074,34.3551,222.2582,162.7011,1180.2731,182,127,24,124.4883,27.4015,27.3745,147.6489,749.3623,185,223,162.8958,750.8412,127,91.3511,8.1323,22.1987,98,541.1839,169,210
29.2,48.77,6.2976,126.0611,42.4948,6.5188,39.6603,162.463,29.7748,162.463,145.1511,886.5373,165,115,46,101.6013,17.3864,17.3864,113.717,302.2872,157,178,151.2926,302.2872,115,89.9132,13.0702,20.2552,95,331.0952,153,158
35.88,46.05,9.7688,157.9557,93.9904,9.6949,95.4302,215.9322,28.4403,215.9507,156.6338,808.8515,177,140,49,124.8298,24.1577,24.1668,134.7583,584.0334,179,195,160.9852,583.5939,140,100.7978,7.7097,21.1814,115,662.8984,183,211
27.69,50.63,7.0932,128.7751,66.7197,8.1682,50.3129,168.9573,31.1388,168.8754,146.6555,969.6279,171,121,40,102.6463,23.0463,23.0335,118.5793,530.5408,168,188,153.3719,531.1301,121,90.0183,13.8162,22.5041,92,495.0884,198,208
35.28,45.74,6.9325,143.5051,72.0568,8.4886,48.0594,184.1269,30.256,184.1269,148.4848,915.4236,169,130,50,118.1218,24.3519,24.3519,114.6701,593.0139,165,174,152.0812,593.0139,130,100.8249,16.0233,22.3137,100,476.8076,158,186
19.87,58.74,6.4394,140.6833,55.8203,7.4713,41.4656,180.0917,28.3129,180.0917,149.6139,801.6182,166,122,54,116.0167,23.2585,23.2585,118.5639,540.9556,165,174,151.0972,540.9556,122,96.1722,7.8101,22.8085,99,543.0439,172,201
39.5,44.84,12.1432,149.3497,179.7476,13.407,147.4577,208.8481,39.365,208.8481,160.5852,1549.603,187,118,19,114.3326,36.6217,36.6217,147.3497,1341.1517,183,227,162.4032,1341.1517,118,85.4652,13.9545,25.2284,101,771.6892,153,207
58.81,33.34,5.353,125.0343,48.7459,6.9818,28.6547,157.3925,21.9403,157.3894,136.0064,481.378,164,101,71,101.2773,20.1342,20.1272,93.7227,405.1046,151,139,151.215,405.3841,101,104.5109,109.8182,16.9719,91,290.8981,166,157
32.65,46.85,7.5528,131.3006,82.3309,9.0736,57.0452,171.3433,34.9226,171.2381,147.0806,1219.5909,167,109,42,105.209,21.3812,21.3262,117.409,454.8047,169,193,153.1075,457.1575,109,91.6328,16.882,21.5829,91,383.837,154,157
35.31,43.99,6.1315,122.3064,39.3517,6.2731,37.5955,156.2032,27.9023,156.2032,144.5387,778.5367,163,106,52,99.0742,17.2625,17.2625,111.9581,297.9942,158,168,149.8258,297.9942,106,87.2613,10.8257,17.3761,90,279.2821,137,144
44.819,40.076,7.8379,142.8359,101.2364,10.0616,61.4322,183.8626,32.6575,183.8626,146.9847,1066.5146,171,131,62,116.7061,22.7125,22.7125,111.2328,515.859,172,171,152.9466,515.859,131,102.5878,31.8387,19.5992,108,369.2154,157,206
34.82,46.1,6.7607,144.7698,77.3728,8.7962,45.7065,186.9682,30.2835,186.9682,151.7275,917.09,167,129,50,119.2434,26.6196,26.6196,122.7645,708.6022,168,177,152.1455,708.6022,129,96.3915,9.0612,23.4454,101,583.6022,169,204
23.89,52.68,8.3981,151.8194,67.2083,8.1981,70.5285,194.411,29.8167,194.3323,150.288,889.0352,170,138,55,126.3495,25.5062,25.5097,115.6926,650.7469,169,178,152.2589,650.564,138,105.9676,7.8214,25.9219,113,847.1722,193,212
38.36,45.58,11.4906,147.165,163.423,12.7837,132.0334,205.6447,37.5151,205.6447,157.3658,1407.3864,183,123,27,112.0726,32.0469,32.0469,141.3564,1027.0007,181,213,162.6656,1027.0007,123,89.2761,20.2872,22.5709,99,589.4849,146,207
37.792,39.336,4.5477,117.3972,52.3507,7.2354,20.6819,134.8014,18.532,134.4043,129.4964,343.4356,157,75,72,100.1489,22.1564,21.4381,68.8014,459.5918,142,142,143.078,490.9074,71,107.078,123.7407,14.5315,62,344.3962,150,155
38.86,45.26,12.0755,150.447,183.8904,13.5606,145.8175,209.9416,39.7107,209.9416,160.2231,1576.9364,186,121,22,115.4621,35.1993,35.1993,145.5996,1238.9919,184,221,162.4199,1238.9919,121,87.2879,14.6799,24.9834,100,715.8373,149,208
21.27,58.17,6.2465,124.7106,41.6804,6.456,39.0186,160.3955,29.7781,160.3955,145.9646,886.7374,166,115,48,100.7267,17.6145,17.6145,116.1768,310.2714,159,172,150.6495,310.2714,115,87.2797,12.2589,20.5944,87,357.3625,161,167
50.495,36.73,9.9498,147.8387,145.8731,12.0778,98.9993,196.0581,40.9708,196.0581,156.5516,1678.6104,176,133,23,119.1968,29.4748,29.4748,135.3839,868.764,179,221,155.4258,868.764,133,90.8581,8.8762,29.9192,97,789.829,168,212
32.703,49.75,8.8661,155.0851,155.6433,12.4757,78.6073,204.5519,35.156,204.5519,157.5332,1235.9434,176,143,40,126.8029,25.4259,25.4259,133.2137,646.4753,180,200,155.1597,646.4753,143,95.7635,7.975,22.6332,114,494.8719,157,212
32.58,46.96,7.9367,139.2668,73.0488,8.5469,62.9912,182.4663,32.2017,182.4663,147.7628,1036.9498,171,115,51,111.8221,21.4943,21.4943,116.965,462.0061,168,182,154.5526,462.0061,115,98.0863,14.8788,21.7276,102,421.7313,165,174
30.75,51.67,10.9492,161.8855,163.6358,12.792,119.884,224.0098,33.7971,224.0098,162.7666,1142.2466,182,128,25,127.4351,29.1614,29.1614,146.4297,850.3867,186,222,162.1636,850.3867,128,93.2726,9.3432,22.8455,100,602.639,164,212
50.63,36.24,8.7487,141.0389,85.7356,9.2594,76.5389,185.9715,35.1877,185.9715,150.7073,1238.1765,173,124,46,113.1036,24.7887,24.7887,123.8394,614.4788,172,186,154.9508,614.4788,124,94.7979,6.2467,24.7456,101,525.8751,169,196
31.58,48.38,6.9523,149.4055,83.4606,9.1357,48.3344,192.186,30.2879,192.186,151.8445,917.3567,168,137,47,123.8902,26.7278,26.7278,120.6829,714.3774,172,186,152.1494,714.3774,137,100.5701,8.3538,24.0333,104,624.0546,189,212
25.112,51.22,5.9258,125.4901,42.606,6.5273,35.1155,151.606,26.0513,151.606,142.0993,678.6712,161,94,53,106.0166,23.1491,23.1491,95.3113,535.8809,159,164,144.7483,535.8809,94,94.149,12.9603,16.7836,75,365.652,166,194
28.0,50.8,7.9484,147.1232,67.7179,8.2291,63.1775,193.1836,28.8516,193.1836,150.5266,832.413,174,145,52,119.1836,22.3749,22.3749,120.93,500.6377,168,185,155.0773,500.6377,145,100.9251,9.2044,22.2122,111,463.8645,189,198
23.82,53.49,8.6432,143.8626,94.9153,9.7424,74.7043,187.4325,35.3342,187.2225,150.3003,1248.5066,171,120,41,117.0716,25.6225,25.3431,119.7493,642.2729,173,197,153.7521,656.5135,111,98.2369,10.3966,23.7176,101,548.6669,162,185
27.29,51.69,7.1291,135.4383,55.0885,7.4222,50.824,175.9257,29.4018,175.7562,147.7678,864.4631,165,121,43,109.7121,24.5986,24.447,117.5604,597.6539,167,183,152.7399,605.0917,121,94.483,7.5542,23.3961,95,577.8333,188,202
60.497,32.751,8.0433,140.0365,105.5856,10.2755,64.6952,182.6058,32.5366,182.6058,146.3506,1058.6327,175,134,61,112.7664,23.7036,23.7036,112.9489,561.8595,171,175,154.5036,561.8595,134,101.5073,42.7672,21.0689,106,411.252,151,204
67.966,30.306,7.7747,144.7057,106.5239,10.321,60.4461,187.4943,31.2201,187.4943,148.8674,974.6946,171,139,55,118.0528,22.0989,22.0989,115.917,488.3632,172,180,153.5132,488.3632,139,101.2717,25.8263,19.1601,117,376.4047,147,206
40.08,40.89,8.8319,140.8771,106.0226,10.2967,78.0028,185.9494,36.9392,185.9494,153.5301,1364.504,174,110,34,113.4265,30.6958,30.6958,130.5277,942.2309,177,203,154.2771,942.2309,110,89.6819,7.9494,26.3767,96,677.488,161,192
44.01,40.656,8.9248,158.4029,127.9989,11.3137,79.6516,207.7626,34.0351,207.7626,157.8381,1158.3895,175,140,25,130.5288,22.3422,22.3422,132.7014,499.1739,181,217,154.6511,499.1739,140,98.6007,8.3669,24.7358,108,528.2996,163,204
41.248,40.559,4.9352,118.9412,50.8806,7.1331,24.3564,139.1985,21.3122,138.7647,128.6434,454.2119,161,92,70,100.2279,22.2077,21.5958,73.9632,466.3797,146,151,145.2647,493.1799,80,110.1176,131.4692,16.5556,72,402.7054,159,140
58.3,33.556,5.5015,132.9628,86.6504,9.3086,30.2665,164.0868,17.4363,163.2521,129.0044,304.025,165,113,85,109.314,26.2702,25.4916,87.1694,649.8229,146,128,151.7727,690.1224,108,123.6281,141.3504,19.7784,96,518.1495,187,205
21.21,58.41,6.9028,136.7463,62.2054,7.887,47.6485,175.5821,32.2513,175.5821,148.5522,1040.1437,166,113,41,111.8328,21.4274,21.4274,117.8358,459.1328,163,189,151.4328,459.1328,113,94.2537,10.5166,23.7441,98,477.8285,162,172
40.02,38.371,4.7403,122.4601,39.167,6.2584,22.4706,142.3681,19.2902,142.3681,132.1419,372.1105,161,71,71,104.3436,22.252,22.252,72.1104,495.153,143,149,143.9571,495.153,71,108.0736,111.5132,15.8697,61,362.9004,155,148
22.29,54.43,8.2675,151.5318,70.5047,8.3967,68.3523,195.5134,30.5508,195.4716,150.3826,933.3521,169,126,49,125.2114,25.6103,25.643,117.0604,657.5653,169,189,153.2718,655.8879,126,105.5168,6.398,26.6824,108,790.8713,201,209
25.768,53.322,7.5503,137.8852,70.0428,8.3692,57.0077,174.4689,30.8227,174.4689,148.8492,950.0397,172,117,30,114.3344,26.5231,26.5231,115.7574,703.4749,172,202,149.5541,703.4749,117,94.6361,9.4295,22.5092,83,570.1568,160,191
27.54,50.71,8.2624,140.509,70.7343,8.4104,68.268,183.9009,31.5076,183.8263,149.1501,992.7286,171,127,52,113.4024,22.6,22.5929,119.6186,510.4374,170,173,154.1622,510.7603,127,97.018,8.6265,22.999,105,516.4991,194,209
32.15,50.51,11.715,149.3582,167.8358,12.9551,137.2418,209.5268,36.9987,209.5268,160.4429,1368.9052,184,119,16,113.9244,33.4063,33.4063,147.4294,1115.9783,182,231,162.9113,1115.9783,119,85.782,10.0465,22.7743,99,637.7524,147,211
45.368,37.695,7.4478,145.9315,137.9591,11.7456,55.4702,186.9405,26.5039,186.9107,140.9333,702.4581,172,115,64,119.1637,26.1584,26.1025,102.3452,681.3419,165,167,154.4911,684.2599,115,116.4435,94.1615,20.3317,107,493.238,179,211
26.203,50.662,4.7974,120.7018,51.1408,7.1513,23.0147,140.9298,20.2393,140.7895,131.5706,409.6293,159,83,63,102.3567,21.5024,21.2417,73.5263,451.2115,144,157,144.3626,462.3534,83,107.2222,105.6748,14.5477,67,322.3113,144,145
20.06,59.22,6.8542,137.8616,72.452,8.5119,46.9799,177.6367,31.9673,177.6367,149.5744,1021.9082,167,121,44,112.7266,23.1626,23.1626,120.3702,536.5081,165,183,151.6955,536.5081,121,93.5156,11.3937,23.8787,96,558.4136,169,190
26.13,51.98,6.6327,126.4273,52.7089,7.2601,43.9927,164.0653,32.4945,164.0653,148.6261,1055.8953,167,107,36,101.7181,19.0939,19.0939,123.7863,364.5773,164,195,151.3056,364.5773,107,84.4125,7.4535,22.76,91,397.7633,163,172
21.97,57.19,7.0764,137.7353,61.7922,7.8608,50.0756,178.0,32.1287,178.0,149.85,1032.2551,167,118,45,112.3,21.3096,21.3096,121.3265,454.1,163,183,152.0294,454.1,118,92.9912,7.6302,23.2948,99,472.4161,155,182
25.3,53.14,5.8823,119.5078,35.4696,5.9556,34.6014,151.4961,26.7976,151.4961,144.6953,718.1128,161,108,49,97.3594,20.7357,20.7357,112.4414,429.9702,156,169,148.4883,429.9702,108,84.2773,7.8413,17.9299,85,329.356,167,183
36.33,46.59,11.9649,151.7711,177.1835,13.311,143.1591,212.1969,37.9255,212.1969,161.4126,1438.345,184,123,24,116.5464,33.6068,33.6068,148.167,1129.4181,184,221,162.6371,1129.4181,123,86.3031,11.1526,24.1191,102,714.6025,152,209
31.16,51.03,11.6606,156.3124,181.1975,13.461,135.9707,216.8894,37.3778,216.8894,161.2011,1397.1036,182,122,20,121.6757,32.9025,32.9025,144.9664,1082.5737,184,225,162.1887,1082.5737,122,90.9534,11.741,23.7417,106,661.8723,157,212
20.81,56.35,8.4658,149.9439,74.0342,8.6043,71.6699,194.3113,30.5904,194.2574,150.8411,935.7711,171,125,43,123.3013,25.0968,25.1208,119.0828,631.0555,171,196,153.5629,629.8481,125,103.1987,7.0717,25.421,105,777.7471,191,209
43.545,38.242,7.2811,141.0377,125.0953,11.1846,53.0137,180.6783,26.1631,180.6522,139.3652,684.5074,175,123,55,114.5188,26.7277,26.6843,101.4377,712.0501,166,171,154.2812,714.3718,123,113.9768,98.921,19.363,107,469.9946,181,212
42.377,39.873,5.0868,115.4444,46.9338,6.8508,25.8756,134.0794,21.3715,133.6111,127.3913,456.7419,160,91,75,97.3571,22.8129,22.0557,71.5079,486.4539,142,146,144.6587,520.4282,75,108.6825,142.2295,15.1807,70,411.5789,170,159
22.076,58.234,7.5744,146.4346,65.6815,8.1044,57.372,183.3366,29.666,183.3366,148.768,880.0687,173,124,37,123.1438,23.4084,23.4084,110.8595,547.9555,173,194,149.1732,547.9555,124,103.0196,8.5163,22.7243,96,547.6069,180,196
30.09,51.31,11.3698,157.0166,181.7227,13.4805,129.2733,218.3341,36.9735,218.2628,161.97,1367.0388,183,119,16,122.2242,32.7714,32.7196,146.7958,1070.571,186,232,162.4051,1073.9662,119,90.0433,10.4688,23.7631,97,628.7999,153,211
22.472,55.242,5.7967,153.2587,55.9912,7.4827,33.6014,185.9161,24.5386,185.9161,147.4895,602.1443,160,116,63,132.535,24.6501,24.6501,100.8252,607.6291,168,155,146.0,607.6291,116,111.6818,10.7491,19.2492,90,437.2208,182,206
23.38,56.346,7.2872,140.3172,76.5786,8.7509,53.1038,178.0388,30.8138,178.0388,149.2427,949.488,172,119,32,116.4045,25.9641,25.9641,115.9385,674.1345,173,199,150.0971,674.1345,119,96.3657,10.6007,22.2934,85,549.0241,161,185
23.3,53.27,8.4698,152.8311,65.4873,8.0924,71.7382,195.7342,30.3051,195.6788,150.8239,918.3971,167,137,50,127.2326,24.7969,24.8194,116.6379,616.0024,168,187,152.2691,614.8872,137,105.9635,6.8974,26.0562,112,810.8627,193,211
29.59,49.92,6.5569,142.625,81.9899,9.0548,42.9929,183.9653,28.9506,183.9653,150.7118,838.1368,167,122,61,117.2431,25.6857,25.6857,120.5417,659.7557,168,171,151.9861,659.7557,122,96.0,13.4861,19.931,99,451.2881,170,184
20.382,57.397,6.3964,140.2007,58.7021,7.6617,40.9134,173.1711,27.3539,173.1711,147.2664,748.2354,163,109,44,118.5132,25.6602,25.6602,107.4112,658.4442,166,167,147.2171,658.4442,109,99.477,9.8675,20.1032,73,429.9669,150,166
29.83,53.25,10.9725,160.0859,160.4997,12.6688,120.395,222.2599,33.9784,222.2599,162.2073,1154.5338,181,127,22,125.2019,27.9349,27.9349,146.1998,780.356,186,225,162.608,780.356,127,92.6359,8.986,22.2294,95,549.7551,174,212
32.749,48.828,9.1245,151.4391,151.8914,12.3244,83.2564,201.1931,35.3319,201.1931,157.308,1248.3428,175,143,34,122.508,25.8425,25.8425,134.9609,667.8342,181,209,155.8115,667.8342,143,92.6621,8.0046,21.5825,115,478.8246,166,211
24.1,55.05,6.9958,141.8109,56.0179,7.4845,48.9417,179.5164,28.3852,179.5164,148.9818,805.7207,167,128,55,117.9455,23.4641,23.4641,114.6655,550.5626,164,175,149.9891,550.5626,128,98.2109,7.1018,21.4278,103,487.0407,178,201
22.396,55.381,6.1998,142.534,64.6193,8.0386,38.4378,177.3981,27.5074,177.3981,148.712,756.6576,164,115,49,120.3366,26.6231,26.6231,111.233,708.7902,169,172,147.9256,708.7902,115,99.2977,8.9218,21.3104,79,492.903,168,187
23.19,52.98,7.9701,142.9801,85.1168,9.2259,63.5224,185.5086,33.133,185.3732,149.9023,1097.7961,170,117,47,116.7257,25.6175,25.5284,118.9429,651.7014,174,183,153.1429,656.2566,117,98.2343,9.0848,24.2135,97,653.776,175,188
20.786,57.14,6.2298,142.1683,56.0147,7.4843,38.8103,175.2772,26.3396,175.2772,147.9571,693.7751,160,114,40,120.6436,25.9096,25.9096,108.2574,671.3091,167,166,146.9604,671.3091,114,100.1287,7.967,20.0221,76,426.784,154,176
31.92,51.63,10.8053,161.0243,157.2043,12.5381,116.755,223.2309,33.7341,223.1656,162.074,1137.9929,184,133,22,126.2541,26.545,26.4867,145.4829,701.5455,186,226,162.5348,704.6393,133,93.7646,7.458,22.2093,100,505.8469,173,209
23.98,55.28,6.0397,122.9366,46.3861,6.8107,36.4784,155.0176,28.6533,155.0176,142.212,821.0099,162,107,61,100.2852,17.5394,17.5394,103.4789,307.6298,159,161,149.1584,307.6298,107,91.7852,28.8773,17.0283,93,264.5912,145,145
29.67,50.83,11.1226,159.8131,173.368,13.1669,123.7123,221.8395,35.0991,221.8395,162.4393,1231.9482,183,123,16,125.0243,31.1462,31.1462,146.6631,970.0887,188,233,162.4646,970.0887,123,91.8638,10.9104,23.0087,99,621.8904,155,207
22.991,54.909,5.8572,149.6549,42.7156,6.5357,34.307,182.007,23.1391,182.007,146.9014,535.4163,160,112,55,128.8063,25.2472,25.2472,100.9472,637.4225,166,152,146.1549,637.4225,112,109.2535,7.9929,18.9278,83,447.5928,182,210
20.66,59.09,6.1972,128.8275,46.1129,6.7906,38.4052,166.2875,29.3931,166.2875,147.3141,863.9546,164,115,41,104.2428,20.4499,20.4499,118.3802,418.1986,161,186,151.278,418.1986,115,88.9457,8.4888,21.123,92,412.433,176,181
56.454,34.274,7.1778,137.9623,115.3259,10.739,51.5207,175.7192,26.5376,175.6986,138.0788,704.2424,170,118,62,112.0445,26.9807,26.9446,99.4692,726.0103,160,155,153.6301,727.9567,118,113.1712,103.2852,20.1676,102,521.6317,171,208
21.854,57.987,7.8255,147.3531,59.769,7.731,61.239,184.2013,28.7409,184.2013,148.6601,826.0381,175,132,35,124.0825,23.4127,23.4127,110.0396,548.1542,173,202,149.1089,548.1542,132,104.1221,7.3795,22.229,96,527.3896,187,202
30.483,49.976,9.3339,171.5468,147.493,12.1447,87.1218,223.2964,31.3781,223.3015,163.319,984.5869,173,154,42,144.666,22.5183,22.5391,138.3752,508.0093,186,203,153.5497,507.0721,154,101.1051,10.1573,24.017,124,693.2389,166,212
37.647,45.085,10.3012,156.8,95.5246,9.7737,106.1145,199.7811,33.3959,199.7811,150.4189,1115.287,181,146,47,130.8622,24.0742,24.0742,112.2892,579.5656,176,187,152.3189,579.5656,146,110.3216,8.7228,23.2929,112,503.2809,192,205
34.15,46.58,7.3381,142.1203,78.7414,8.8736,53.8482,182.6332,32.3041,182.6332,149.8052,1043.5549,167,123,45,116.7937,24.6543,24.6543,118.2951,607.8366,167,179,151.8309,607.8366,123,97.1261,8.5988,23.0977,94,518.897,182,193
29.9,49.53,8.9674,151.3333,120.0147,10.9551,80.4141,203.0342,33.3278,203.0971,153.4395,1110.7435,179,145,51,120.6816,24.3791,24.3802,128.0342,594.3962,181,188,158.1105,594.3394,145,99.7395,13.283,22.0913,112,458.5854,165,197
40.84,41.77,9.8104,148.0993,133.5232,11.5552,96.2433,200.5708,36.8193,200.5364,153.5822,1355.6587,182,133,40,116.6748,28.6692,28.6916,129.7168,823.2051,176,202,159.0089,821.9223,133,96.8075,17.5092,23.9993,101,557.6354,151,208
23.55,53.27,8.4704,151.6513,71.0196,8.4273,71.7472,193.4422,30.7337,193.4013,149.8086,944.5579,167,129,60,126.429,25.5965,25.6288,113.8383,656.834,168,174,151.8911,655.181,129,106.5776,8.9112,25.106,112,790.7003,185,209
27.51,50.84,7.4255,135.0638,72.197,8.4969,55.1375,177.9909,28.301,177.9453,149.0335,800.9477,171,126,54,108.0945,25.2216,25.2465,121.9787,637.387,172,172,154.1555,636.1292,126,91.8994,10.7607,19.3405,100,480.6344,200,210
31.734,48.603,8.8782,173.0722,158.2189,12.5785,78.8227,225.724,30.9303,225.7901,164.6765,956.6827,172,157,36,146.0385,22.9399,22.9237,140.9729,525.4938,185,210,153.7172,526.238,157,99.8348,10.4357,23.6935,118,666.8968,184,212
32.269,49.032,7.8091,170.5281,144.9868,12.041,60.9827,220.5801,30.8648,220.5801,160.8593,952.6381,170,158,36,144.2403,22.7049,22.7049,132.7576,515.5126,183,205,153.0,515.5126,158,104.5216,9.763,22.9691,124,485.4896,169,210
55.47,34.607,7.3869,141.3125,123.9463,11.1331,54.5664,181.3322,28.0012,181.3125,140.98,784.0652,171,122,60,114.773,26.6053,26.5591,103.4178,705.3862,164,159,154.1382,707.8436,116,111.7895,84.3138,21.1228,106,501.4125,171,208
36.35,45.857,10.0126,151.595,93.3002,9.6592,100.2524,193.3719,33.5541,193.3719,149.2727,1125.8796,184,140,43,125.7135,23.8576,23.8576,111.5813,569.1867,176,192,152.2369,569.1867,140,107.2534,8.3803,22.3327,109,443.075,177,206
25.341,52.518,5.3626,132.2656,51.222,7.157,28.7574,160.0042,24.3969,160.0042,139.9013,595.2092,162,94,55,111.8589,25.3996,25.3996,88.2365,645.1413,159,155,146.2448,645.1413,94,104.9502,43.556,16.7817,75,374.0382,158,166
21.076,56.539,6.0986,143.7533,57.7624,7.6002,37.1925,176.5467,26.1285,176.5467,147.47,682.7,160,111,49,122.4133,25.7105,25.7105,105.8,661.0281,168,166,146.7533,661.0281,111,102.48,8.9966,19.8295,81,438.7289,182,196
21.984,56.797,7.5941,146.5545,66.4395,8.151,57.6707,182.7228,30.4675,182.7228,147.9472,928.2715,174,126,44,123.4521,23.2115,23.2115,108.2211,538.7745,173,188,148.9043,538.7745,126,104.6007,8.2178,23.1075,98,520.0099,172,185
22.732,55.499,5.6044,154.3993,55.2251,7.4314,31.4095,187.6254,23.7486,187.6254,147.7527,563.9952,159,113,53,133.6113,26.0192,26.0192,101.2332,676.9973,167,152,146.1343,676.9973,113,112.3534,8.2242,19.5823,89,477.7712,179,204
24.792,51.37,6.8217,134.7379,49.6113,7.0435,46.5362,164.1003,26.5554,164.1003,144.1618,705.1876,162,115,57,114.0647,23.5967,23.5967,99.0809,556.8022,163,165,145.9676,556.8022,115,99.4045,12.4104,17.1315,86,414.6625,170,201
22.59,56.39,6.3978,123.9091,45.8885,6.7741,40.9325,158.9812,30.7988,158.9812,144.5643,948.5631,168,112,43,99.953,16.1443,16.1443,112.163,260.639,159,180,150.6614,260.639,112,88.7837,13.7106,19.5071,91,279.631,165,165
62.42,32.14,9.5758,150.5392,129.451,11.3777,91.6965,199.6144,37.6482,199.6144,156.4608,1417.3884,177,142,38,121.7222,26.5035,26.5035,133.9706,702.4332,182,207,155.6928,702.4332,142,93.6895,8.7549,27.6887,105,680.0497,164,207
22.381,56.379,7.5592,150.3918,58.2185,7.6301,57.142,186.4502,27.8209,186.4502,147.7698,774.0037,177,132,51,127.6529,23.7734,23.7734,105.6117,565.1755,169,181,148.5395,565.1755,132,108.5979,8.4158,22.247,103,522.0891,193,209
22.984,54.813,6.5014,139.7645,60.1946,7.7585,42.2683,174.1419,28.0556,174.1419,148.629,787.1187,162,110,43,117.6032,27.2055,27.2055,112.4064,740.1415,170,175,147.8129,740.1415,110,96.7355,7.8581,22.0342,79,512.0974,176,188
43.949,40.559,9.1684,154.9126,132.0748,11.4924,84.0599,204.8182,35.1648,204.8182,157.4825,1236.5607,173,132,33,126.2273,24.0465,24.0465,134.1399,578.2327,183,207,155.535,578.2327,132,95.7867,9.2483,24.7119,110,535.3085,169,204
39.49,44.94,12.0033,151.949,184.3296,13.5768,144.0782,211.3273,39.6302,211.3273,160.6581,1570.5503,187,123,18,117.305,34.8992,34.8992,145.8703,1217.9547,185,229,162.0213,1217.9547,123,87.7715,14.5477,25.5743,102,745.1048,148,202
43.21,39.29,8.8376,139.0284,108.2409,10.4039,78.1024,184.1206,36.3339,184.1206,152.6808,1320.1534,175,102,34,111.487,33.7659,33.7659,129.9882,1140.1344,178,199,154.6028,1140.1344,102,89.5272,11.6897,27.7271,84,870.6469,172,202
20.908,57.054,5.9752,147.3092,56.2126,7.4975,35.7031,180.2697,25.7582,180.2697,147.3947,663.4855,161,108,49,126.1414,25.8077,25.8077,104.1941,666.0392,167,158,146.6184,666.0392,108,106.0822,12.6225,21.1813,78,504.7594,179,198
20.36,58.47,6.3137,142.7276,64.3143,8.0196,39.8633,181.2366,29.0171,181.2366,149.5161,841.9941,165,124,46,118.7312,24.7197,24.7197,116.2975,611.0623,166,185,150.3118,611.0623,124,98.2903,6.9928,23.6726,99,603.8741,192,210
39.94,40.87,8.8733,137.2074,100.7608,10.038,78.735,180.9605,37.2783,180.9605,150.7345,1389.6735,175,101,35,109.9432,32.9324,32.9324,125.1161,1084.5417,177,193,154.3309,1084.5417,101,91.3481,11.599,27.3118,86,766.4635,179,197
28.83,49.71,7.8568,123.3396,64.4574,8.0285,61.7299,162.2359,34.0216,162.1471,145.3089,1157.4716,172,122,49,97.1528,18.4922,18.437,116.37,339.923,166,176,153.4263,341.9597,122,87.4906,23.5301,20.65,93,321.218,206,210
23.59,53.29,8.014,152.7784,65.7677,8.1097,64.2246,195.6139,29.3412,195.4321,150.3056,860.9084,169,125,53,127.3861,26.0853,25.8923,115.4083,670.4092,171,186,152.2694,680.445,125,106.9778,6.6039,26.694,105,839.2868,183,204
23.21,55.6,6.2405,126.8692,53.1084,7.2876,38.9442,161.8305,32.2612,161.7806,145.2821,1040.788,163,106,42,103.2415,18.8957,18.9201,111.9364,357.9713,162,182,150.2076,357.0488,106,90.678,11.2009,21.8649,90,368.6914,142,150
38.235,40.613,6.2548,141.903,107.4172,10.3642,39.1227,178.7212,21.1901,178.6606,135.8896,449.0197,169,122,77,116.4758,25.5051,25.4509,94.5121,647.7463,161,147,153.3091,650.509,122,120.9091,118.5728,18.1503,112,452.5221,184,205
23.08,56.75,5.3775,120.597,29.592,5.4398,28.9176,151.8669,24.2128,151.8669,144.3612,586.2601,160,108,56,98.9087,20.49,20.49,110.2586,419.8416,157,155,147.9202,419.8416,108,85.8707,7.1815,17.0012,89,324.9117,153,156
21.2,55.71,8.4608,152.443,75.9519,8.715,71.5849,196.1634,31.0064,196.1075,150.3693,961.3998,170,132,54,126.2712,24.8791,24.9004,116.415,620.0322,170,186,153.0098,618.9688,132,106.366,8.6689,26.6067,106,793.9034,199,208
30.941,49.965,8.9171,155.4498,165.872,12.8791,79.5144,205.1088,35.4225,205.1088,157.9812,1254.75,176,142,39,127.1402,25.8259,25.8259,133.9414,666.976,182,203,155.1527,666.976,142,95.2469,8.8481,21.9629,119,466.614,154,211
39.68,41.36,8.907,140.7289,93.5364,9.6714,79.334,185.5249,36.0561,185.5249,152.7487,1300.042,171,115,41,113.1567,26.9285,26.9285,128.7637,725.145,177,195,154.3756,725.145,115,90.9154,6.8889,25.3168,91,583.3511,164,181
32.25,51.72,10.7396,164.5615,148.2118,12.1742,115.3399,226.7578,32.3286,226.7578,162.8047,1045.1383,180,141,25,130.3691,24.4279,24.4279,145.1572,596.7206,186,223,161.8877,596.7206,141,95.835,7.7028,22.0459,105,525.9017,190,211
29.54,49.74,9.0627,151.4203,114.2018,10.6865,82.1326,203.203,33.7139,203.2253,153.2107,1136.6274,176,137,56,120.7335,23.2734,23.2988,127.302,542.8325,177,180,158.1802,541.6531,137,100.4289,10.8817,22.7077,115,449.1094,185,206
42.26,39.7,9.067,139.685,96.2288,9.8096,82.2109,184.9675,36.6877,184.9675,151.965,1345.9861,174,103,40,111.8275,32.6863,32.6863,127.95,1068.3964,176,200,154.905,1068.3964,103,91.3975,8.9773,28.0775,92,799.323,179,201
26.051,50.448,4.5483,123.4014,45.6738,6.7582,20.6872,143.162,17.667,143.0211,130.5515,312.1221,155,91,68,105.1338,22.8225,22.5144,70.7676,506.8964,141,125,144.2958,520.8657,82,111.4789,120.1479,15.4982,67,341.6653,159,149
43.453,40.162,8.0786,139.3593,110.5698,10.5152,65.2643,181.2556,33.5964,181.2556,147.2659,1128.7161,173,131,56,112.5222,22.9072,22.9072,114.4741,524.7384,172,175,153.8556,524.7384,131,99.1852,37.2519,20.3334,106,400.8272,150,197
34.31,44.57,6.1328,123.4051,39.2522,6.2652,37.6108,157.7106,28.256,157.7106,144.7428,798.3993,164,108,52,100.0129,18.0296,18.0296,112.0482,325.0676,156,166,149.9904,325.0676,108,87.9871,7.3729,18.1019,91,292.347,148,148
31.63,51.65,10.7503,159.849,160.4017,12.665,115.5685,221.9507,34.3031,221.8803,161.8186,1176.704,181,134,22,124.9328,27.0185,26.9515,145.3729,726.3845,185,226,162.6663,730.0,134,93.1803,7.1441,22.1321,99,491.2675,175,207
33.25,45.24,5.8179,123.946,39.021,6.2467,33.8483,159.0,28.2998,159.0,145.3438,800.8772,163,110,51,100.1932,15.9482,15.9482,114.267,254.3466,157,165,150.3551,254.3466,110,87.5114,8.1609,18.4945,94,285.2922,153,167
29.69,49.47,8.1923,133.5328,84.3666,9.1851,67.1131,179.3283,31.5305,179.3283,149.4318,994.1719,177,133,39,104.4192,21.9845,21.9845,125.553,483.3165,171,198,156.4773,483.3165,133,89.7323,11.6364,18.4925,99,294.5362,155,163
44.29,39.11,6.9392,129.8713,68.1623,8.256,48.1529,168.3179,31.1957,168.2409,144.4667,973.1744,167,112,59,104.2583,19.3638,19.3495,110.9338,374.4024,165,166,152.7252,374.9552,112,94.894,35.193,19.3129,97,335.9796,158,164
25.196,51.273,6.1893,123.3534,35.8055,5.9838,38.3077,149.3993,26.3267,149.3993,141.2792,693.0966,161,95,53,103.6996,22.2115,22.2115,94.1413,493.3495,158,169,145.0565,493.3495,95,93.4629,13.2161,16.5692,79,353.5953,168,195
34.43,48.23,11.5292,152.7027,161.0126,12.6891,132.9227,213.1389,36.2545,213.1389,160.9943,1314.3885,183,124,26,117.6071,31.0655,31.0655,146.9715,965.0646,184,218,162.59,965.0646,124,87.9214,10.0326,23.0478,104,633.0634,147,211
22.442,55.467,6.2719,143.4557,68.6747,8.287,39.3363,178.741,27.8748,178.741,148.9147,777.0032,162,113,37,121.1738,27.8754,27.8754,111.5869,777.038,171,179,148.0688,777.038,113,99.7672,10.1148,21.7514,70,517.0749,168,194
31.124,50.716,9.2329,157.2008,155.9581,12.4883,85.246,206.9582,35.3263,206.9582,158.6067,1247.9476,176,136,40,129.0669,25.3681,25.3681,134.4728,643.5383,181,202,154.9038,643.5383,136,95.8452,8.454,22.7549,113,483.6397,163,211
33.52,48.61,11.628,148.6506,171.5071,13.0961,135.2101,207.854,38.2201,207.854,159.2488,1460.7755,184,118,25,113.5897,33.1308,33.1308,144.6667,1097.6476,181,218,162.5563,1097.6476,118,87.2115,15.0994,22.8226,102,592.6027,148,212
22.099,58.524,7.6492,145.9708,68.1243,8.2537,58.5107,182.9675,30.1593,182.9675,148.4058,909.5818,173,120,41,122.4967,23.8194,23.8194,110.1494,567.3626,172,191,149.4253,567.3626,120,103.2565,7.0359,22.6105,96,529.2758,177,188
23.95,53.0,8.2257,150.4967,63.5247,7.9702,67.6614,193.402,29.6647,193.3311,149.9169,879.9942,170,138,55,124.6412,24.7525,24.763,115.7375,613.2039,169,181,152.6744,612.6848,138,105.2791,8.7617,25.0908,111,759.1142,201,211
23.42,53.75,8.2419,144.6154,89.5707,9.4642,67.9291,187.8143,33.7091,187.6439,150.2086,1136.3026,170,124,38,118.1829,25.2888,25.1228,119.2629,631.157,172,202,153.3657,639.523,124,99.08,9.1268,24.0804,100,607.1325,170,193
33.161,48.324,9.8724,152.4678,84.6652,9.2014,97.4643,192.6162,32.3858,192.6162,149.0392,1048.8414,180,142,55,127.4482,22.6079,22.6079,109.549,511.1161,176,181,151.1092,511.1161,142,108.451,7.6415,21.3766,103,422.3146,168,195
33.17,52.56,10.0456,168.7847,117.9143,10.8588,100.9149,230.6606,29.7316,230.6103,162.3276,883.9695,179,158,43,135.5011,19.9005,19.8522,142.0399,394.1117,184,204,161.1767,396.0289,158,100.9181,7.704,21.5979,129,473.8923,184,212
42.751,39.605,5.0665,116.85,48.4294,6.9591,25.6694,135.15,21.4717,134.6583,128.2105,461.0328,158,83,64,99.0667,22.6169,21.8901,70.525,479.1776,143,145,144.075,511.525,75,108.8917,132.6638,15.6135,68,414.8456,143,141
29.08,49.7,8.0648,126.0677,68.7277,8.2902,65.0408,165.5842,33.8244,165.5528,145.6131,1144.0891,168,126,43,99.644,18.1755,18.1902,116.4457,330.8841,164,185,153.5516,330.3504,126,89.2908,26.5989,19.9037,95,299.1151,166,176
23.518,55.714,7.929,158.0067,62.55,7.9089,62.8687,193.8725,28.1012,193.8725,147.8691,789.6785,175,136,64,135.7718,21.798,21.798,101.849,475.1516,172,169,147.8826,475.1516,136,115.8222,8.7399,22.5364,116,513.4647,194,205
24.029,55.328,7.6127,138.4514,76.872,8.7677,57.9533,174.9436,32.3062,174.9436,148.8433,1043.6926,170,117,28,114.9906,26.4364,26.4364,115.1129,698.8811,176,204,149.4545,698.8811,117,95.2132,7.2,23.3911,82,588.1346,167,195
30.0,49.26,9.1354,138.3111,88.9944,9.4337,83.4551,184.4356,34.3663,184.4139,149.9794,1181.0438,173,139,43,109.2397,20.0003,20.0215,124.018,400.8592,175,198,156.2706,400.0114,139,93.3686,10.5535,20.7004,102,315.6048,168,175
41.66,38.864,7.4403,142.404,118.7818,10.8987,55.3588,183.3925,26.5588,183.3868,141.9971,705.3672,173,118,63,115.5817,26.9153,26.9046,104.5186,723.86,168,167,154.4069,724.4318,118,111.4871,89.7003,19.0735,105,505.5267,176,211
30.36,51.12,11.12,159.8587,170.6502,13.0633,123.6544,221.8402,35.5978,221.8402,162.1707,1267.2056,181,124,21,125.0587,29.6358,29.6358,145.9761,878.2836,186,227,162.5033,878.2836,124,92.4467,8.8344,23.1439,98,567.277,175,210
46.009,38.832,8.9861,140.1146,127.7814,11.304,80.7496,184.4549,37.9041,184.4549,150.7812,1436.7239,175,125,42,112.4097,26.8451,26.8451,123.7986,720.6575,176,192,154.6458,720.6575,125,93.6354,17.681,24.4853,100,582.2974,169,211
