65
15
45
10
70
55
60
55
35
70
10
25
10
45
75
25
35
50
100
80
15
40
45
25
40
45
15
75
70
70
90
35
50
15
65
30
45
50
75
45
55
15
15
10
65
10
55
35
45
10
30
70
30
40
25
10
15
10
40
10
50
45
65
15
45
45
20
60
55
35
80
80
35
90
65
40
65
75
15
45
65
90
35
20
55
15
65
35
75
75
50
20
55
75
20
55
80
55
50
20
10
70
40
30
35
35
55
90
35
20
55
55
15
55
75
30
20
65
10
70
40
10
30
75
50
10
20
45
20
70
90
35
45
25
35
70
25
80
20
60
50
60
30
40
60
35
25
80
10
70
65
100
45
30
10
90
15
15
40
50
75
40
15
10
70
10
65
60
75
40
10
60
70
35
60
60
30
40
20
60
60
70
40
65
40
40
40
45
50
15
10
40
45
25
20
35
80
65
15
50
60
20
55
55
10
50
70
100
45
35
20
100
90
20
35
35
10
60
20
60
30
45
50
60
55
100
70
45
80
65
10
55
50
50
45
75
10
60
25
50
50
15
35
65
90
50
50
75
35
75
20
55
50
10
80
20
50
10
90
15
15
50
15
40
70
70
70
25
40
15
65
25
35
10
15
80
10
40
65
75
20
60
55
100
35
65
50
20
90
20
80
35
15
55
15
60
65
65
40
50
45
30
30
60
35
60
25
80
100
50
55
40
20
25
90
75
80
80
65
20
20
50
25
60
50
15
70
55
50
65
75
15
20
65
80
50
75
15
65
15
70
75
25
50
10
35
65
35
35
45
40
10
10
25
35
80
75
50
70
65
80
30
50
80
35
20
60
75
75
60
40
45
80
20
70
50
15
60
10
35
60
90
35
100
15
90
40
55
65
20
80
15
20
50
45
50
40
10
60
40
45
55
40
25
15
35
